Training set average reward:      2.4517297744750977
Testing set average reward:       2.535198211669922
Training set average success:     0.5973011255264282
Testing set average success:      0.5859375
Training set success list:
0.875 0.875 0.9375 0.875 0.8125 0.875 0.75 1.0 0.9375 1.0 0.9375 1.0 1.0 0.875 0.9375 0.9375 0.75 0.625 0.5625 0.6875 0.5625 0.5625 0.625 0.5625 1.0 1.0 1.0 1.0 1.0 1.0 1.0 1.0 0.5 0.1875 0.375 0.5 0.3125 0.6875 0.3125 0.25 0.625 0.4375 0.5 0.625 0.5625 0.4375 0.5625 0.4375 1.0 1.0 1.0 0.9375 0.875 1.0 0.8125 0.8125 0.0625 0.0625 0.0 0.0 0.0625 0.1875 0.0 0.0625 0.625 0.5 0.625 0.75 0.625 0.625 0.625 0.8125 0.125 0.1875 0.125 0.125 0.125 0.1875 0.375 0.1875 0.9375 0.875 0.9375 0.875 0.875 0.9375 0.875 0.8125 1.0 1.0 1.0 1.0 1.0 0.9375 1.0 1.0 1.0 1.0 1.0 1.0 1.0 0.9375 1.0 0.9375 0.0 0.0 0.0 0.0 0.0 0.0 0.0 0.0 1.0 0.8125 0.8125 1.0 1.0 0.9375 1.0 0.9375 0.9375 1.0 1.0 1.0 0.9375 0.9375 1.0 1.0 0.0 0.0 0.0 0.0625 0.0 0.0 0.0 0.0 0.0 0.0 0.0 0.0 0.0625 0.0 0.0 0.0 0.8125 0.9375 0.9375 0.9375 0.8125 0.9375 0.9375 1.0 0.5 0.5 0.5 0.5 0.6875 0.4375 0.5 0.5625 1.0 1.0 0.875 1.0 1.0 0.9375 1.0 1.0 0.625 0.625 0.4375 0.4375 0.625 0.375 0.4375 0.375 0.0 0.0625 0.0 0.0 0.0 0.0 0.0 0.0 0.125 0.1875 0.1875 0.25 0.0625 0.125 0.125 0.125 0.875 0.8125 0.8125 0.6875 0.75 0.9375 0.6875 0.875 0.4375 0.1875 0.3125 0.1875 0.1875 0.375 0.25 0.4375 0.0 0.0 0.0 0.0 0.0 0.0 0.0 0.0 0.875 1.0 0.9375 0.875 0.875 0.9375 1.0 1.0 0.9375 1.0 1.0 1.0 0.9375 1.0 1.0 1.0 1.0 1.0 1.0 1.0 1.0 1.0 1.0 1.0 0.5 0.4375 0.4375 0.4375 0.375 0.0625 0.875 0.4375 0.8125 0.625 0.6875 0.625 0.8125 0.6875 0.6875 0.75 0.75 0.6875 0.5625 0.625 0.8125 0.5625 0.625 0.625 1.0 1.0 0.9375 1.0 1.0 1.0 1.0 1.0 0.0 0.0 0.0 0.0 0.0 0.0 0.0 0.0 0.5625 0.25 0.375 0.25 0.375 0.25 0.4375 0.25 1.0 1.0 0.9375 1.0 1.0 1.0 1.0 0.9375 1.0 1.0 0.9375 0.9375 1.0 1.0 1.0 1.0 1.0 1.0 0.9375 1.0 1.0 1.0 1.0 1.0 0.25 0.125 0.125 0.3125 0.25 0.1875 0.25 0.25 1.0 1.0 1.0 1.0 1.0 1.0 1.0 0.9375 0.75 0.8125 0.9375 0.875 0.875 0.9375 0.8125 0.6875 0.0 0.0 0.0 0.0 0.0 0.0 0.0 0.0625 0.0625 0.0625 0.0625 0.0625 0.0625 0.0625 0.0625 0.0625

Testing set success list:
0.5625 0.625 0.5625 0.625 0.6875 0.75 0.6875 0.5625 0.0 0.0 0.125 0.0 0.0625 0.0 0.125 0.0 0.0625 0.125 0.0 0.0625 0.0625 0.0625 0.0625 0.125 1.0 1.0 0.9375 1.0 0.875 0.875 1.0 0.9375 0.8125 0.75 0.8125 0.875 0.75 0.8125 0.75 0.625 1.0 1.0 1.0 1.0 1.0 1.0 1.0 1.0 1.0 1.0 1.0 1.0 1.0 1.0 1.0 1.0 0.0 0.0 0.0 0.0 0.0 0.0 0.0 0.0 0.1875 0.4375 0.1875 0.3125 0.25 0.25 0.1875 0.4375 0.6875 0.8125 0.8125 0.75 0.625 0.75 0.75 0.9375 1.0 1.0 1.0 1.0 1.0 1.0 1.0 1.0 0.1875 0.25 0.25 0.375 0.625 0.4375 0.375 0.375 0.1875 0.125 0.0625 0.0 0.25 0.125 0.1875 0.25 0.875 0.5625 0.625 0.625 0.8125 0.625 0.8125 0.75 1.0 1.0 1.0 1.0 1.0 1.0 1.0 1.0 0.8125 0.625 0.5625 0.6875 0.625 0.625 0.6875 0.5

(0.5973011363636364, 0.1474705215327996) (0.5859375, 0.13454437255859375) (0.6278409090909091, 0.02521306818181818) (0.6328125, 0.0068359375)