Training set average reward:      1.8408396244049072
Testing set average reward:       1.1915067434310913
Training set average success:     0.5285866856575012
Testing set average success:      0.3255208432674408
Training set success list:
0.625 0.4375 0.25 0.4375 0.4375 0.0625 0.375 0.4375 0.9375 1.0 0.8125 1.0 0.9375 1.0 1.0 0.9375 0.0 0.0 0.0 0.0 0.0625 0.0 0.0 0.0 1.0 1.0 1.0 0.8125 1.0 0.9375 0.9375 0.9375 0.0 0.0 0.0 0.0 0.0 0.0 0.0 0.0 1.0 1.0 0.9375 0.9375 0.9375 1.0 0.9375 0.9375 1.0 0.9375 0.875 1.0 0.875 0.9375 0.9375 0.875 0.6875 0.75 0.6875 0.625 0.75 0.5 0.6875 0.75 0.9375 1.0 0.9375 0.8125 1.0 1.0 1.0 0.9375 1.0 0.9375 1.0 0.9375 0.875 0.9375 0.9375 0.9375 0.0 0.0 0.0 0.0 0.0 0.0 0.0 0.0 0.75 0.75 0.6875 0.6875 0.8125 0.75 0.8125 0.8125 0.625 0.625 0.6875 0.625 0.8125 0.875 0.4375 0.625 0.5625 0.5625 0.375 0.6875 0.3125 0.5 0.4375 0.3125 0.0 0.0 0.0 0.0 0.0 0.0 0.0 0.0 0.0 0.0 0.0 0.0 0.0 0.0 0.0 0.0 0.0 0.0 0.0 0.0 0.0 0.0 0.0 0.0 0.8125 0.875 0.8125 0.8125 0.625 0.8125 0.8125 0.75 0.0 0.0 0.0 0.0 0.0 0.0 0.0 0.0 0.625 0.5 0.4375 0.4375 0.6875 0.3125 0.5 0.6875 0.9375 0.9375 0.9375 0.875 0.9375 0.8125 0.9375 0.875 0.0 0.0 0.0625 0.0625 0.0 0.0 0.0 0.0625 0.875 1.0 0.875 1.0 0.9375 0.875 0.9375 0.875 1.0 1.0 1.0 1.0 1.0 1.0 1.0 1.0 0.9375 0.75 0.5 0.75 0.875 0.6875 0.8125 0.75 0.0 0.0 0.0 0.0 0.0 0.0 0.0 0.0 0.8125 0.5625 0.625 0.6875 0.625 0.4375 0.6875 0.5 0.875 0.875 0.8125 0.9375 0.9375 0.8125 0.8125 0.9375 0.5 0.6875 0.5625 0.5625 0.4375 0.5625 0.75 0.5 0.6875 0.6875 0.6875 0.8125 0.5 0.75 0.625 0.6875 0.625 0.6875 0.75 0.6875 0.875 0.8125 0.5 0.6875 0.0 0.0 0.0 0.0625 0.0 0.0 0.0 0.0 0.625 0.6875 0.9375 0.5625 0.75 0.6875 0.75 0.5625 0.4375 0.4375 0.5 0.5625 0.625 0.5625 0.6875 0.625 0.9375 1.0 0.875 0.8125 0.8125 0.875 0.875 0.875 0.0625 0.0 0.0 0.0 0.0625 0.125 0.0625 0.0 1.0 1.0 1.0 1.0 1.0 1.0 1.0 1.0 0.75 0.8125 0.875 0.75 0.875 0.8125 0.9375 0.8125 0.5 0.25 0.6875 0.4375 0.375 0.25 0.4375 0.5 0.625 0.75 0.8125 0.875 0.875 0.9375 0.8125 0.8125 0.0 0.0 0.0 0.0 0.0 0.0 0.0 0.0 0.0 0.0 0.0 0.0 0.0 0.0 0.0 0.0 0.125 0.0 0.0625 0.0 0.0 0.0 0.0 0.0 0.9375 0.875 0.9375 1.0 1.0 0.9375 1.0 1.0

Testing set success list:
0.0 0.0 0.0 0.0 0.0 0.0 0.0 0.0 0.0 0.0 0.0 0.0 0.0 0.0 0.0 0.0 0.0 0.0 0.0 0.0 0.0 0.0 0.0 0.0 0.875 0.9375 0.9375 1.0 1.0 0.875 0.875 1.0 0.5625 0.625 0.5 0.75 0.75 0.75 0.6875 0.6875 0.0 0.0 0.0 0.0 0.0 0.0 0.0 0.0 0.625 0.5625 0.5 0.625 0.375 0.4375 0.5 0.375 0.9375 0.875 1.0 0.875 0.9375 1.0 0.9375 0.8125 0.0 0.0 0.0625 0.0 0.0 0.0 0.0 0.0 0.0 0.0625 0.3125 0.5625 0.375 0.1875 0.25 0.1875 0.625 0.8125 0.6875 0.5 0.4375 0.625 0.5 0.625 0.0 0.0625 0.0 0.0625 0.0 0.0625 0.0625 0.0

(0.5285866477272727, 0.14895059254543838) (0.3255208333333333, 0.13081190321180555) (0.6136363636363636, 0.030539772727272728) (0.3854166666666667, 0.037760416666666664)