Training set average reward:      -0.5516389608383179
Testing set average reward:       -0.6465660333633423
Training set average success:     0.9028764367103577
Testing set average success:      0.90673828125
Training set success list:
1.0 1.0 1.0 1.0 1.0 1.0 0.9375 1.0 1.0 1.0 1.0 1.0 0.875 1.0 1.0 1.0 1.0 1.0 0.9375 1.0 1.0 1.0 1.0 1.0 1.0 1.0 1.0 1.0 1.0 1.0 1.0 1.0 1.0 1.0 1.0 1.0 0.9375 1.0 0.9375 1.0 1.0 1.0 1.0 1.0 1.0 1.0 1.0 1.0 0.9375 0.8125 0.875 0.9375 0.75 0.9375 0.875 0.6875 1.0 1.0 1.0 1.0 1.0 1.0 1.0 1.0 1.0 1.0 1.0 1.0 1.0 1.0 1.0 1.0 1.0 1.0 1.0 1.0 1.0 1.0 1.0 1.0 1.0 1.0 1.0 1.0 1.0 1.0 1.0 1.0 1.0 1.0 0.8125 1.0 0.9375 1.0 1.0 0.875 1.0 1.0 1.0 1.0 1.0 1.0 1.0 1.0 0.5 0.5 0.5 0.375 0.4375 0.5 0.625 0.375 0.9375 1.0 0.9375 1.0 1.0 1.0 1.0 0.9375 1.0 1.0 1.0 1.0 1.0 1.0 1.0 1.0 1.0 1.0 1.0 1.0 1.0 1.0 1.0 1.0 0.25 0.375 0.5 0.5625 0.1875 0.375 0.4375 0.375 1.0 1.0 1.0 1.0 1.0 1.0 1.0 1.0 1.0 1.0 1.0 1.0 1.0 1.0 1.0 1.0 1.0 1.0 1.0 1.0 1.0 1.0 1.0 1.0 1.0 1.0 1.0 1.0 1.0 1.0 1.0 1.0 0.375 0.25 0.25 0.3125 0.1875 0.1875 0.4375 0.375 1.0 1.0 1.0 1.0 1.0 1.0 1.0 1.0 1.0 1.0 1.0 1.0 1.0 1.0 1.0 1.0 1.0 1.0 1.0 1.0 1.0 1.0 1.0 1.0 1.0 1.0 1.0 1.0 1.0 1.0 1.0 1.0 0.5 0.5625 0.5625 0.4375 0.5 0.5625 0.5 0.5625 0.75 1.0 0.6875 0.4375 0.75 0.75 0.75 0.5625 1.0 1.0 1.0 1.0 1.0 1.0 1.0 1.0 1.0 1.0 1.0 1.0 1.0 1.0 1.0 1.0 0.9375 1.0 0.9375 1.0 1.0 1.0 0.9375 0.875 0.875 0.5625 0.875 0.875 0.8125 0.75 0.9375 0.6875 1.0 1.0 1.0 1.0 1.0 1.0 1.0 1.0 1.0 1.0 1.0 1.0 1.0 1.0 1.0 1.0 0.3125 0.625 0.25 0.5625 0.3125 0.5625 0.6875 0.5 0.9375 1.0 0.9375 0.8125 0.9375 1.0 0.9375 1.0 1.0 1.0 1.0 1.0 1.0 1.0 1.0 1.0 1.0 1.0 1.0 1.0 1.0 1.0 1.0 1.0 0.5625 0.25 0.5 0.375 0.375 0.5625 0.5625 0.6875 1.0 0.9375 1.0 0.9375 0.875 0.9375 0.875 0.9375 1.0 1.0 1.0 1.0 1.0 1.0 1.0 1.0 1.0 1.0 1.0 1.0 1.0 1.0 1.0 1.0 1.0 1.0 1.0 1.0 1.0 1.0 1.0 1.0

Testing set success list:
1.0 1.0 1.0 1.0 1.0 1.0 1.0 1.0 1.0 1.0 0.9375 1.0 1.0 1.0 1.0 1.0 1.0 1.0 1.0 1.0 1.0 1.0 1.0 1.0 0.9375 0.9375 1.0 0.9375 1.0 0.875 1.0 1.0 1.0 1.0 1.0 1.0 1.0 1.0 1.0 1.0 1.0 1.0 1.0 1.0 1.0 1.0 1.0 1.0 1.0 1.0 1.0 1.0 1.0 1.0 1.0 1.0 1.0 1.0 1.0 1.0 1.0 1.0 1.0 1.0 0.3125 0.375 0.3125 0.25 0.4375 0.4375 0.3125 0.5 0.75 0.875 0.75 0.8125 0.875 0.875 0.75 0.875 1.0 1.0 1.0 1.0 1.0 1.0 1.0 1.0 1.0 1.0 1.0 1.0 1.0 1.0 1.0 1.0 0.4375 0.3125 0.3125 0.4375 0.4375 0.3125 0.5 0.25 1.0 1.0 1.0 0.9375 1.0 1.0 1.0 1.0 1.0 1.0 1.0 1.0 1.0 1.0 1.0 1.0 1.0 1.0 1.0 1.0 1.0 1.0 1.0 1.0

(0.9028764204545454, 0.037723604312612985) (0.90673828125, 0.04286551475524902) (0.9289772727272727, 0.02521306818181818) (0.890625, 0.013671875)