Training set average reward:      1.564349889755249
Testing set average reward:       0.9807038307189941
Training set average success:     0.4801136553287506
Testing set average success:      0.2376302182674408
Training set success list:
0.875 0.9375 0.875 0.6875 1.0 0.9375 1.0 0.875 1.0 0.8125 0.9375 0.875 1.0 0.8125 1.0 0.875 0.6875 0.3125 0.6875 0.6875 0.5 0.3125 0.5625 0.4375 0.8125 0.75 0.75 0.8125 0.8125 0.8125 1.0 0.6875 0.0625 0.0625 0.125 0.0 0.125 0.0 0.0 0.0 0.375 0.5 0.3125 0.5625 0.375 0.4375 0.3125 0.375 0.75 0.75 0.6875 0.75 0.75 0.8125 0.8125 0.6875 1.0 0.9375 0.9375 0.9375 1.0 0.8125 0.8125 1.0 0.75 1.0 0.9375 0.875 0.875 0.875 1.0 0.8125 0.9375 0.75 1.0 1.0 1.0 0.9375 0.875 1.0 0.0 0.0 0.0625 0.0 0.0625 0.0 0.0625 0.0625 0.75 0.5 0.625 0.5625 0.5625 0.625 0.625 0.5 0.5625 0.375 0.375 0.375 0.5625 0.5 0.625 0.4375 0.5 0.4375 0.4375 0.5 0.5625 0.4375 0.5625 0.375 0.0 0.0 0.0 0.0 0.0 0.0 0.0 0.0 0.125 0.25 0.25 0.1875 0.0625 0.125 0.125 0.25 0.0 0.0 0.0 0.0 0.0625 0.0 0.0 0.0 0.8125 0.75 0.75 0.6875 0.8125 0.8125 0.5625 0.625 0.0 0.0 0.0 0.0 0.0 0.0 0.0 0.0 0.875 0.9375 0.8125 1.0 0.9375 1.0 0.8125 0.875 0.75 0.6875 0.75 0.6875 0.6875 0.75 0.625 0.6875 0.0 0.0 0.0 0.0 0.0 0.0 0.0 0.0 0.3125 0.4375 0.6875 0.1875 0.625 0.6875 0.3125 0.5 0.3125 0.375 0.625 0.625 0.4375 0.4375 0.5625 0.6875 0.5 0.625 0.4375 0.5625 0.375 0.5 0.625 0.625 0.0 0.0 0.0 0.0 0.0 0.0 0.0 0.0 0.9375 0.9375 0.9375 0.9375 0.9375 1.0 0.9375 0.875 0.6875 0.875 0.875 0.9375 0.875 0.9375 0.8125 0.8125 0.3125 0.5625 0.5 0.5625 0.625 0.1875 0.3125 0.5625 0.3125 0.375 0.4375 0.4375 0.75 0.4375 0.375 0.375 0.375 0.375 0.5 0.375 0.3125 0.3125 0.375 0.1875 0.1875 0.1875 0.25 0.1875 0.25 0.25 0.1875 0.375 0.3125 0.5 0.4375 0.4375 0.25 0.25 0.5625 0.25 0.3125 0.1875 0.125 0.25 0.25 0.0625 0.1875 0.1875 0.8125 0.8125 0.5625 0.5625 0.625 0.625 0.75 0.75 0.0 0.0 0.0625 0.0625 0.0 0.125 0.125 0.0 0.6875 0.6875 0.8125 0.6875 0.625 0.6875 0.6875 0.75 0.8125 0.5625 0.6875 0.8125 0.5625 0.6875 0.5625 0.5625 0.75 0.8125 1.0 0.9375 0.875 0.875 1.0 0.9375 0.6875 0.625 0.6875 0.6875 0.6875 0.5625 0.6875 0.625 0.0 0.0 0.0 0.0 0.0 0.0 0.0 0.0 0.0 0.0 0.0 0.0 0.0 0.0 0.0 0.0 0.0 0.0 0.0 0.0 0.0 0.0 0.0 0.0 0.8125 0.9375 1.0 1.0 0.8125 1.0 1.0 0.9375

Testing set success list:
0.0 0.0 0.0 0.0 0.0 0.0 0.0 0.0 0.0 0.0 0.0 0.0 0.0 0.0 0.0 0.0 0.3125 0.375 0.25 0.25 0.3125 0.3125 0.1875 0.0625 0.75 0.75 0.75 0.8125 0.6875 0.625 0.75 0.8125 0.0 0.0 0.0 0.0 0.0 0.0 0.0 0.0 0.0 0.0 0.0 0.0 0.0 0.0 0.0 0.0 0.4375 0.4375 0.4375 0.25 0.5625 0.4375 0.375 0.375 0.75 0.8125 0.75 0.8125 0.875 0.625 0.6875 0.8125 0.0 0.0 0.0 0.0 0.0 0.0 0.0 0.0 0.125 0.1875 0.0625 0.125 0.4375 0.375 0.25 0.1875 0.3125 0.25 0.375 0.25 0.375 0.4375 0.25 0.5 0.1875 0.0 0.25 0.0625 0.125 0.1875 0.0625 0.0

(0.48011363636363635, 0.11371530580126549) (0.23763020833333334, 0.0729416741265191) (0.5397727272727273, 0.05113636363636364) (0.1875, 0.018229166666666668)