Training set average reward:      2.8109326362609863
Testing set average reward:       1.9805724620819092
Training set average success:     0.6234019994735718
Testing set average success:      0.43994140625
Training set success list:
1.0 1.0 1.0 1.0 1.0 1.0 0.875 1.0 0.1875 0.1875 0.0625 0.25 0.0625 0.0625 0.125 0.3125 0.8125 0.875 0.75 0.75 0.8125 0.8125 0.75 0.75 0.75 0.9375 0.875 0.875 0.75 0.8125 0.75 0.875 0.875 1.0 0.6875 0.9375 0.6875 0.875 0.8125 0.9375 0.9375 0.9375 0.9375 0.9375 0.9375 0.875 0.9375 0.9375 0.9375 0.9375 0.9375 0.9375 0.9375 1.0 0.9375 0.875 0.5 0.4375 0.8125 0.625 0.8125 0.625 0.75 0.4375 0.75 0.6875 0.875 0.75 0.6875 0.75 0.6875 0.8125 1.0 1.0 1.0 0.9375 1.0 1.0 1.0 1.0 0.3125 0.25 0.375 0.375 0.1875 0.3125 0.3125 0.375 0.0 0.0625 0.0625 0.0 0.0625 0.0 0.0 0.0 1.0 1.0 1.0 1.0 1.0 1.0 0.9375 1.0 0.0 0.0625 0.0625 0.0 0.0 0.0 0.0625 0.0625 0.75 0.4375 0.6875 0.75 0.5 0.5 0.5625 0.75 1.0 1.0 1.0 1.0 1.0 1.0 1.0 1.0 1.0 1.0 1.0 1.0 1.0 1.0 1.0 0.9375 0.0 0.0 0.0625 0.0 0.0 0.0 0.0 0.0 0.375 0.4375 0.1875 0.375 0.75 0.25 0.3125 0.625 1.0 0.8125 0.4375 0.9375 1.0 0.875 0.9375 0.875 0.1875 0.25 0.1875 0.5 0.25 0.5 0.3125 0.3125 0.625 0.625 0.125 0.375 0.0625 0.625 0.3125 0.125 0.0 0.0 0.0 0.0 0.0 0.0 0.0 0.0 1.0 1.0 0.9375 0.9375 1.0 1.0 0.9375 0.8125 1.0 1.0 1.0 1.0 1.0 0.875 1.0 0.9375 1.0 1.0 1.0 0.9375 1.0 1.0 1.0 1.0 0.0 0.0 0.0625 0.0 0.0 0.0 0.0 0.0 0.75 0.625 0.5625 0.6875 0.625 0.6875 0.6875 0.625 0.75 0.6875 0.8125 0.8125 0.75 0.75 0.75 0.8125 0.9375 0.9375 0.9375 0.9375 0.9375 1.0 0.9375 0.9375 1.0 1.0 1.0 0.9375 1.0 1.0 1.0 1.0 0.9375 1.0 0.9375 1.0 0.9375 0.9375 0.9375 1.0 0.625 0.625 0.8125 0.625 0.8125 0.8125 0.75 0.625 0.9375 0.9375 1.0 1.0 0.9375 0.9375 1.0 0.9375 0.6875 0.625 0.6875 0.75 0.625 0.625 0.8125 0.625 0.0 0.0 0.0 0.0 0.0 0.0 0.0 0.0 0.4375 0.4375 0.4375 0.5 0.375 0.4375 0.4375 0.375 1.0 0.9375 1.0 0.8125 0.875 0.9375 0.8125 1.0 0.125 0.0 0.0 0.125 0.4375 0.125 0.0 0.0625 0.0 0.0 0.0 0.0 0.0 0.0 0.0 0.0 0.8125 0.75 0.875 0.6875 0.5625 0.5625 0.75 0.625 0.9375 0.9375 0.9375 1.0 0.9375 0.9375 0.9375 0.875 1.0 0.9375 1.0 0.875 0.875 1.0 1.0 0.9375 0.0 0.0 0.0 0.0 0.0 0.0625 0.0 0.0

Testing set success list:
0.5 0.625 0.75 0.75 0.625 0.4375 0.5625 0.5625 0.0 0.0 0.0 0.0 0.0 0.0 0.0 0.0625 0.6875 0.5 0.625 0.4375 0.375 0.5625 0.4375 0.375 0.0 0.0 0.0 0.0 0.0 0.0 0.0 0.0 1.0 1.0 1.0 1.0 1.0 1.0 1.0 1.0 0.75 0.8125 0.875 0.75 0.8125 0.9375 0.75 0.875 0.9375 1.0 0.875 0.9375 0.9375 0.9375 0.875 0.875 0.375 0.1875 0.25 0.25 0.5 0.125 0.375 0.3125 0.0 0.0 0.0 0.0 0.0 0.0 0.0 0.0 0.375 0.625 0.4375 0.5 0.5 0.375 0.4375 0.5625 0.0625 0.0 0.0 0.0 0.0 0.9375 0.0 0.0625 1.0 0.9375 1.0 1.0 0.9375 1.0 1.0 0.875 0.0 0.0 0.0625 0.0625 0.0 0.0 0.0 0.0 0.0625 0.0 0.0 0.0 0.0625 0.0 0.0625 0.0625 0.5 0.1875 0.3125 0.4375 0.0 0.25 0.4375 0.6875 0.875 0.9375 0.875 0.8125 1.0 0.875 1.0 0.9375

(0.6234019886363636, 0.1381324894172101) (0.43994140625, 0.14185118675231934) (0.6704545454545454, 0.02556818181818182) (0.4609375, 0.0634765625)