Training set average reward:      -1.1846147775650024
Testing set average reward:       -0.911338210105896
Training set average success:     0.5985440611839294
Testing set average success:      0.6868489980697632
Training set success list:
0.5 0.5625 0.4375 0.125 0.4375 0.25 0.1875 0.25 0.5 0.8125 0.625 0.4375 0.5 0.4375 0.5 0.625 0.0 0.0625 0.0625 0.0 0.0 0.0 0.0 0.0625 1.0 1.0 1.0 1.0 1.0 1.0 1.0 1.0 1.0 1.0 1.0 1.0 1.0 1.0 1.0 1.0 1.0 1.0 1.0 0.875 0.9375 1.0 0.9375 1.0 0.125 0.0 0.0625 0.0 0.0625 0.0 0.0625 0.0625 0.5625 0.0625 0.5625 0.625 0.625 0.5 0.25 0.1875 0.0 0.0 0.0 0.0 0.25 0.125 0.0 0.0 0.25 0.375 0.4375 0.25 0.375 0.5625 0.5 0.4375 1.0 1.0 1.0 1.0 1.0 1.0 1.0 1.0 0.8125 1.0 0.9375 0.9375 0.875 0.875 0.75 0.75 0.125 0.1875 0.0625 0.25 0.0625 0.1875 0.1875 0.25 1.0 1.0 1.0 1.0 1.0 1.0 1.0 1.0 0.8125 0.875 0.625 0.8125 0.75 0.8125 0.8125 0.8125 0.9375 0.75 0.6875 0.625 0.8125 0.75 1.0 0.625 0.6875 0.6875 0.75 0.75 0.625 0.5625 0.5625 0.75 1.0 1.0 1.0 0.9375 1.0 1.0 0.9375 0.875 0.5625 0.875 0.75 0.5625 0.5625 0.8125 0.9375 0.5 0.9375 0.875 0.625 0.875 0.75 0.6875 0.75 0.8125 0.3125 0.375 0.375 0.125 0.3125 0.3125 0.1875 0.4375 0.0 0.25 0.3125 0.125 0.0625 0.0625 0.1875 0.0 1.0 1.0 1.0 1.0 1.0 1.0 1.0 1.0 1.0 1.0 1.0 1.0 1.0 1.0 1.0 1.0 1.0 1.0 1.0 1.0 1.0 1.0 1.0 1.0 1.0 1.0 0.9375 1.0 1.0 1.0 1.0 1.0 0.0 0.125 0.0625 0.3125 0.125 0.0625 0.0 0.125 0.5 0.1875 0.1875 0.5 0.25 0.1875 0.4375 0.25 1.0 1.0 1.0 1.0 1.0 1.0 1.0 1.0 0.0 0.25 0.0625 0.0625 0.0625 0.1875 0.0625 0.0 0.125 0.25 0.25 0.3125 0.1875 0.1875 0.125 0.125 0.25 0.25 0.0625 0.0625 0.125 0.125 0.1875 0.3125 1.0 1.0 0.9375 0.875 1.0 1.0 0.9375 1.0 0.0 0.0625 0.0625 0.0625 0.125 0.25 0.125 0.1875 0.4375 0.3125 0.625 0.3125 0.375 0.4375 0.625 0.5 0.0 0.0625 0.125 0.125 0.0 0.0 0.1875 0.0625 0.25 0.3125 0.125 0.125 0.1875 0.125 0.1875 0.1875 0.1875 0.0 0.1875 0.125 0.0625 0.0625 0.0 0.0 0.625 0.6875 0.625 0.6875 0.5625 0.8125 0.75 0.6875 1.0 1.0 1.0 1.0 1.0 1.0 1.0 1.0 1.0 1.0 1.0 1.0 1.0 1.0 1.0 1.0 1.0 1.0 1.0 1.0 1.0 1.0 1.0 1.0 1.0 1.0 1.0 1.0 1.0 1.0 1.0 1.0 0.9375 1.0 1.0 1.0 1.0 1.0 1.0 0.875

Testing set success list:
1.0 1.0 1.0 1.0 1.0 1.0 1.0 1.0 1.0 1.0 1.0 1.0 1.0 1.0 1.0 1.0 1.0 1.0 0.9375 1.0 0.9375 1.0 1.0 1.0 1.0 1.0 1.0 1.0 1.0 1.0 1.0 1.0 0.375 0.5625 0.3125 0.5 0.375 0.625 0.6875 0.5625 0.4375 0.375 0.4375 0.3125 0.25 0.5 0.3125 0.375 0.1875 0.0625 0.1875 0.3125 0.0625 0.125 0.0625 0.1875 0.9375 0.875 1.0 1.0 1.0 1.0 0.9375 0.875 0.3125 0.0625 0.125 0.25 0.0625 0.0625 0.1875 0.25 1.0 0.875 1.0 0.9375 0.9375 0.9375 0.9375 1.0 0.9375 0.9375 1.0 0.875 0.9375 1.0 0.9375 0.9375 0.0625 0.1875 0.0 0.5 0.3125 0.25 0.125 0.3125

(0.5985440340909091, 0.1439104001384136) (0.6868489583333334, 0.12548277113172743) (0.6022727272727273, 0.027698863636363636) (0.65625, 0.037760416666666664)