Training set average reward:      2.131988525390625
Testing set average reward:       1.6910858154296875
Training set average success:     0.41885656118392944
Testing set average success:      0.4248046875
Training set success list:
0.0 0.0 0.0625 0.0 0.0 0.0625 0.0625 0.0625 0.0 0.0 0.0 0.0 0.0 0.0 0.0 0.0 0.0 0.0625 0.0625 0.0 0.0 0.0 0.125 0.125 0.9375 0.875 0.875 0.9375 0.75 0.875 0.875 0.8125 0.0625 0.1875 0.0625 0.125 0.125 0.0625 0.125 0.1875 1.0 1.0 1.0 1.0 1.0 0.9375 1.0 1.0 0.1875 0.1875 0.25 0.25 0.3125 0.375 0.3125 0.375 0.0625 0.0 0.0 0.0625 0.0 0.0625 0.0 0.0 0.5 0.5 0.625 0.5 0.5 0.4375 0.4375 0.5625 0.875 1.0 1.0 1.0 1.0 0.9375 1.0 0.875 0.8125 0.875 0.5625 0.625 0.5625 0.875 0.875 1.0 0.0 0.0 0.0 0.0 0.0 0.0 0.0625 0.0 0.9375 0.9375 0.9375 0.875 0.875 0.8125 0.875 0.875 0.25 0.1875 0.125 0.125 0.25 0.0625 0.25 0.125 0.8125 0.6875 0.75 0.8125 0.6875 0.5625 0.625 0.8125 0.9375 0.875 1.0 1.0 1.0 0.9375 1.0 1.0 0.0 0.0 0.0 0.0 0.0 0.0 0.0 0.0 0.25 0.375 0.375 0.3125 0.25 0.3125 0.25 0.1875 0.25 0.1875 0.4375 0.3125 0.375 0.25 0.1875 0.1875 1.0 1.0 0.9375 1.0 1.0 1.0 1.0 1.0 0.4375 0.5 0.3125 0.375 0.3125 0.25 0.3125 0.3125 0.75 0.75 0.875 0.875 0.875 0.875 0.6875 0.875 0.125 0.0625 0.125 0.0625 0.0625 0.1875 0.1875 0.0 0.625 0.8125 0.8125 0.75 0.8125 0.875 0.8125 0.6875 0.0625 0.0 0.0 0.0625 0.0625 0.0 0.0 0.0 0.0625 0.0625 0.125 0.0625 0.0625 0.0625 0.125 0.25 0.0 0.0 0.0 0.0 0.0 0.0 0.0 0.0 0.5625 0.4375 0.5 0.25 0.375 0.5 0.4375 0.5625 0.9375 1.0 1.0 1.0 0.9375 0.875 1.0 1.0 1.0 1.0 0.9375 1.0 0.9375 1.0 0.9375 0.9375 0.8125 0.9375 0.9375 0.875 0.9375 0.875 0.875 0.9375 0.0625 0.0625 0.3125 0.0625 0.125 0.0 0.125 0.125 0.0 0.0 0.0 0.0 0.0 0.0 0.0 0.0 0.0 0.0 0.0 0.0625 0.0 0.1875 0.0 0.125 0.0 0.0 0.0 0.0 0.0 0.0 0.0 0.0 0.125 0.0 0.125 0.125 0.0 0.1875 0.0625 0.0625 0.0625 0.1875 0.25 0.1875 0.0625 0.1875 0.25 0.0625 0.125 0.25 0.1875 0.0625 0.1875 0.125 0.0 0.0625 0.1875 0.1875 0.25 0.375 0.375 0.3125 0.3125 0.375 0.8125 0.5625 0.5625 0.375 0.375 0.375 0.125 0.375 0.8125 0.9375 0.8125 0.9375 0.875 0.875 0.875 0.875 1.0 1.0 1.0 1.0 1.0 1.0 1.0 1.0 0.9375 0.9375 1.0 0.875 0.875 0.875 0.9375 0.875 0.0 0.0 0.0 0.0 0.0 0.0 0.0 0.0

Testing set success list:
0.0 0.0 0.0 0.0625 0.0 0.0625 0.0 0.0 0.0 0.0 0.0 0.0 0.0 0.0 0.0 0.0 0.125 0.125 0.125 0.0 0.0625 0.0625 0.0625 0.1875 0.0 0.0 0.0 0.0 0.0 0.0 0.0 0.0 0.5625 0.5 0.375 0.3125 0.4375 0.3125 0.4375 0.625 0.6875 0.625 0.8125 0.75 0.6875 0.8125 0.9375 0.625 0.8125 0.6875 0.8125 0.875 0.8125 0.9375 0.875 0.9375 0.0 0.0 0.0 0.0 0.0 0.0 0.0 0.0 0.125 0.125 0.1875 0.125 0.125 0.1875 0.1875 0.0625 0.5625 0.5 0.625 0.5 0.8125 0.5 0.5 0.4375 0.4375 0.4375 0.3125 0.4375 0.625 0.4375 0.5 0.5 1.0 0.9375 0.9375 0.6875 0.9375 0.875 1.0 0.9375 0.25 0.1875 0.1875 0.25 0.25 0.1875 0.125 0.0 0.6875 0.8125 0.75 0.8125 0.75 0.625 0.4375 0.875 0.9375 0.9375 0.9375 0.9375 0.9375 1.0 1.0 1.0 0.8125 0.75 0.6875 0.75 0.625 0.8125 0.6875 0.6875

(0.4188565340909091, 0.1492787195631295) (0.4248046875, 0.12239742279052734) (0.4034090909090909, 0.01775568181818182) (0.46875, 0.04296875)