Training set average reward:      0.09967129677534103
Testing set average reward:       -0.08969445526599884
Training set average success:     0.9795809984207153
Testing set average success:      0.884765625
Training set success list:
0.9375 1.0 0.9375 1.0 1.0 0.9375 1.0 0.9375 1.0 1.0 1.0 1.0 1.0 1.0 1.0 1.0 1.0 1.0 1.0 1.0 1.0 1.0 1.0 1.0 1.0 1.0 1.0 1.0 1.0 1.0 1.0 1.0 1.0 1.0 1.0 1.0 1.0 1.0 1.0 1.0 1.0 1.0 1.0 1.0 1.0 1.0 1.0 1.0 1.0 1.0 1.0 1.0 1.0 1.0 1.0 1.0 0.875 0.875 0.9375 0.875 1.0 0.9375 0.875 0.9375 1.0 1.0 1.0 1.0 1.0 1.0 1.0 1.0 0.875 1.0 0.9375 1.0 0.9375 0.9375 0.875 0.9375 1.0 1.0 1.0 1.0 1.0 1.0 1.0 1.0 1.0 1.0 1.0 1.0 1.0 1.0 1.0 1.0 1.0 1.0 1.0 1.0 1.0 1.0 1.0 1.0 1.0 1.0 1.0 1.0 1.0 1.0 1.0 1.0 1.0 1.0 1.0 1.0 1.0 1.0 1.0 1.0 1.0 1.0 1.0 1.0 1.0 1.0 1.0 1.0 1.0 1.0 1.0 1.0 1.0 1.0 1.0 1.0 1.0 1.0 1.0 1.0 1.0 1.0 1.0 1.0 1.0 1.0 1.0 1.0 1.0 1.0 1.0 1.0 0.9375 0.9375 1.0 1.0 0.9375 0.9375 1.0 0.9375 1.0 1.0 1.0 1.0 1.0 1.0 1.0 1.0 1.0 1.0 1.0 1.0 0.9375 1.0 1.0 1.0 1.0 1.0 1.0 1.0 1.0 1.0 1.0 1.0 1.0 1.0 1.0 1.0 1.0 1.0 1.0 1.0 1.0 1.0 1.0 1.0 1.0 1.0 1.0 1.0 1.0 1.0 1.0 1.0 1.0 1.0 1.0 1.0 1.0 0.9375 0.9375 1.0 1.0 1.0 0.9375 0.9375 1.0 1.0 1.0 1.0 1.0 1.0 1.0 1.0 1.0 1.0 1.0 1.0 1.0 1.0 1.0 1.0 1.0 1.0 1.0 1.0 1.0 1.0 1.0 1.0 0.6875 0.875 0.75 0.9375 0.5625 0.875 0.8125 0.75 1.0 1.0 1.0 1.0 1.0 1.0 1.0 1.0 1.0 0.9375 0.9375 1.0 1.0 0.9375 1.0 1.0 1.0 1.0 1.0 1.0 1.0 1.0 1.0 1.0 0.6875 0.9375 0.8125 0.9375 0.875 0.75 0.625 0.8125 1.0 0.9375 1.0 1.0 1.0 1.0 1.0 1.0 0.875 1.0 1.0 1.0 1.0 1.0 0.9375 1.0 0.9375 1.0 1.0 1.0 0.9375 1.0 1.0 1.0 0.6875 0.75 0.875 0.9375 0.875 0.875 0.9375 0.8125 1.0 1.0 1.0 1.0 1.0 1.0 1.0 1.0 1.0 1.0 1.0 1.0 1.0 1.0 1.0 1.0 1.0 1.0 1.0 1.0 1.0 1.0 1.0 1.0 1.0 1.0 1.0 1.0 1.0 1.0 1.0 1.0 1.0 1.0 1.0 1.0 1.0 1.0 1.0 1.0

Testing set success list:
1.0 1.0 1.0 1.0 1.0 1.0 1.0 1.0 1.0 1.0 1.0 1.0 1.0 1.0 1.0 1.0 1.0 1.0 1.0 1.0 1.0 1.0 1.0 1.0 1.0 1.0 1.0 1.0 1.0 1.0 1.0 1.0 1.0 1.0 1.0 1.0 1.0 1.0 1.0 1.0 0.125 0.1875 0.0 0.0625 0.125 0.125 0.0625 0.0625 1.0 1.0 1.0 1.0 1.0 1.0 1.0 1.0 0.875 1.0 0.9375 1.0 0.9375 0.9375 0.9375 1.0 0.625 0.625 0.625 0.5625 0.625 0.6875 0.6875 0.625 1.0 1.0 1.0 1.0 0.9375 1.0 1.0 1.0 0.9375 0.9375 0.875 1.0 1.0 1.0 0.8125 1.0 1.0 1.0 1.0 1.0 1.0 1.0 1.0 1.0

(0.9795809659090909, 0.0024614255290386104) (0.884765625, 0.0668347676595052) (1.0, 0.0) (0.9166666666666666, 0.0)