Training set average reward:      1.6943800449371338
Testing set average reward:       1.5417954921722412
Training set average success:     0.23082387447357178
Testing set average success:      0.2236328125
Training set success list:
0.0625 0.25 0.0625 0.25 0.25 0.0625 0.125 0.0625 0.0625 0.0625 0.0625 0.0 0.0 0.0 0.0 0.0 0.0625 0.0625 0.125 0.0625 0.1875 0.125 0.1875 0.0 0.0 0.0 0.0 0.0 0.0 0.0 0.0 0.0 0.0 0.0 0.0 0.0 0.0 0.0 0.0 0.0 0.0 0.0 0.0 0.0 0.0 0.0 0.0 0.0 0.0 0.0 0.0 0.0625 0.1875 0.0 0.125 0.0 0.0 0.0 0.0 0.0 0.0 0.0 0.0 0.0 0.25 0.125 0.4375 0.25 0.25 0.3125 0.3125 0.25 0.9375 0.9375 0.9375 0.9375 0.9375 0.9375 0.625 0.8125 0.9375 0.625 0.6875 0.875 0.5625 0.6875 0.75 0.9375 0.0 0.0 0.0 0.0 0.0 0.0 0.0 0.0625 0.375 0.25 0.4375 0.4375 0.3125 0.375 0.375 0.25 0.25 0.4375 0.125 0.3125 0.25 0.3125 0.25 0.3125 1.0 0.9375 1.0 0.9375 0.9375 1.0 1.0 0.9375 0.0625 0.0 0.0 0.0 0.0625 0.0 0.0 0.0 0.375 0.5625 0.75 0.5 0.3125 0.375 0.5625 0.5625 0.375 0.25 0.625 0.4375 0.4375 0.3125 0.25 0.3125 0.0 0.0 0.0 0.0 0.0 0.0 0.0 0.0 0.8125 0.9375 0.8125 0.8125 0.8125 0.6875 0.6875 0.625 0.5625 0.625 0.625 0.8125 0.75 0.75 0.5625 0.5 0.6875 0.5 0.375 0.4375 0.625 0.5625 0.625 0.375 0.0 0.0 0.0 0.0 0.0 0.0 0.0 0.0 0.0 0.0625 0.0 0.0 0.0625 0.0625 0.0625 0.0625 0.0 0.0 0.0625 0.125 0.0625 0.0625 0.0625 0.0 0.125 0.0 0.0625 0.1875 0.0625 0.0625 0.0 0.0625 0.0 0.0 0.0 0.0 0.0 0.0 0.0 0.0 0.0625 0.0 0.0625 0.0 0.0625 0.0 0.0 0.0 1.0 1.0 1.0 0.9375 0.9375 1.0 1.0 1.0 0.0625 0.0625 0.0 0.0 0.1875 0.25 0.0625 0.125 0.1875 0.125 0.375 0.125 0.25 0.125 0.0625 0.1875 0.1875 0.25 0.1875 0.1875 0.1875 0.0625 0.25 0.25 0.0 0.0 0.0 0.0 0.0 0.0 0.0 0.0 0.0 0.0 0.0 0.0 0.0 0.0 0.0 0.0 0.6875 0.75 0.6875 0.875 0.75 0.8125 0.8125 0.75 0.0 0.0 0.0 0.0 0.0 0.0 0.0 0.0 0.5625 0.3125 0.375 0.4375 0.4375 0.375 0.5 0.375 0.0 0.0 0.0 0.0 0.0 0.0 0.0 0.0 0.0 0.0 0.0 0.0 0.0 0.0 0.0 0.0 0.25 0.1875 0.125 0.0625 0.125 0.125 0.125 0.1875 0.25 0.375 0.25 0.25 0.25 0.3125 0.125 0.25 0.0 0.125 0.125 0.125 0.125 0.125 0.125 0.125 0.125 0.125 0.25 0.0625 0.0625 0.1875 0.0 0.125 0.0625 0.0 0.0 0.0 0.0 0.0625 0.125 0.0

Testing set success list:
0.125 0.1875 0.0 0.125 0.125 0.0625 0.25 0.0625 0.0 0.0 0.0 0.0 0.0 0.0 0.0 0.0 0.125 0.125 0.0 0.1875 0.125 0.375 0.1875 0.0625 0.0 0.0625 0.0 0.0 0.0 0.0 0.0 0.0 0.0 0.0 0.0 0.0 0.0 0.0 0.0 0.0 0.0 0.0 0.0 0.0 0.0 0.0 0.0 0.0 0.0 0.0 0.0 0.0 0.0 0.0 0.0 0.0 0.0 0.0 0.0 0.0 0.0 0.0 0.0 0.0 0.25 0.1875 0.3125 0.25 0.25 0.375 0.25 0.375 0.75 0.9375 0.75 0.875 0.875 0.9375 1.0 0.8125 0.0 0.0625 0.0 0.0 0.0 0.0 0.0 0.0 0.5625 0.8125 0.6875 0.75 0.8125 0.625 0.875 0.6875 0.0625 0.0625 0.0 0.0 0.0 0.0 0.0 0.0625 1.0 0.9375 0.875 0.9375 0.9375 0.75 0.875 0.875 0.125 0.125 0.1875 0.125 0.1875 0.25 0.3125 0.125 0.375 0.1875 0.5625 0.3125 0.3125 0.1875 0.4375 0.1875

(0.23082386363636365, 0.08814712398308368) (0.2236328125, 0.0960836410522461) (0.19602272727272727, 0.01740056818181818) (0.1953125, 0.0068359375)