Training set average reward:      1.1042828559875488
Testing set average reward:       0.684450089931488
Training set average success:     0.21537642180919647
Testing set average success:      0.0553385429084301
Training set success list:
0.5625 0.8125 0.6875 0.75 0.6875 0.8125 0.6875 0.625 0.5 0.5 0.6875 0.5625 0.6875 0.625 0.625 0.5 0.0 0.0 0.0 0.0625 0.0 0.0 0.0625 0.0 0.0 0.0 0.0 0.0 0.0 0.0 0.0 0.0 0.0 0.0 0.0 0.0 0.0 0.0 0.0 0.0 0.0 0.0 0.0 0.0 0.0 0.0 0.0 0.0 0.0 0.0625 0.0 0.0 0.25 0.0625 0.1875 0.0625 0.6875 0.8125 0.8125 0.75 0.8125 0.8125 0.8125 0.875 0.0 0.0 0.0 0.0 0.125 0.0625 0.0 0.0625 0.8125 0.8125 0.8125 0.8125 0.875 0.75 0.6875 0.9375 0.0 0.0 0.0 0.0 0.0 0.0 0.0 0.0 0.1875 0.375 0.1875 0.4375 0.0625 0.0625 0.125 0.25 0.1875 0.25 0.1875 0.1875 0.3125 0.3125 0.25 0.375 0.0 0.0 0.0 0.0 0.0 0.0 0.0 0.0 0.125 0.1875 0.1875 0.1875 0.125 0.1875 0.0 0.125 0.0 0.0 0.0 0.0 0.0 0.0 0.0 0.0 0.0 0.0 0.0 0.0 0.0625 0.0 0.0 0.0 0.0 0.0 0.0 0.0 0.0 0.0 0.0 0.0 0.0 0.0 0.0 0.0 0.0 0.0 0.0 0.0 0.875 1.0 0.9375 0.8125 0.875 0.9375 0.8125 0.8125 0.75 0.75 0.75 0.625 0.9375 0.75 0.75 0.75 0.0625 0.0625 0.0625 0.25 0.0625 0.125 0.1875 0.1875 0.0 0.0 0.0 0.0 0.0 0.0 0.0 0.0 0.0 0.0 0.0 0.0 0.0 0.0 0.0 0.0 0.0 0.0 0.0 0.0 0.0 0.0 0.0 0.0 0.0 0.0 0.0 0.0 0.0 0.0 0.0 0.0 0.4375 0.5625 0.625 0.5625 0.8125 0.625 0.625 0.625 0.6875 0.9375 0.875 0.875 0.9375 0.9375 0.8125 1.0 0.0 0.0 0.0 0.0 0.0 0.0 0.0 0.0 0.0 0.3125 0.25 0.125 0.3125 0.1875 0.25 0.25 0.6875 0.5625 0.8125 0.625 0.625 0.6875 0.6875 0.625 0.1875 0.0 0.1875 0.125 0.125 0.0625 0.0625 0.0625 0.0 0.0 0.0 0.0 0.0 0.0 0.0 0.0 0.0 0.0 0.0625 0.0 0.0 0.0 0.0 0.0 0.4375 0.4375 0.5625 0.5 0.4375 0.4375 0.25 0.3125 0.0 0.0 0.0 0.0 0.0 0.0 0.0 0.0 0.0 0.0 0.0 0.0 0.0 0.0 0.0 0.0 0.1875 0.5 0.125 0.375 0.25 0.3125 0.3125 0.25 0.875 1.0 0.8125 1.0 0.9375 0.9375 0.8125 0.6875 0.0 0.0 0.0 0.0 0.0 0.0 0.0 0.0 0.0 0.0 0.0 0.0 0.0 0.0 0.0 0.0 0.0 0.0 0.0 0.0 0.0 0.0 0.0 0.0 0.0 0.0 0.0 0.0 0.0 0.0 0.0 0.0 0.0 0.0 0.0 0.0 0.0 0.0 0.0 0.0

Testing set success list:
0.0 0.0 0.0 0.0 0.0 0.0 0.0 0.0 0.0 0.0 0.0 0.0 0.0 0.0 0.0 0.0 0.0 0.0 0.0 0.0 0.0 0.0 0.0 0.0 0.0 0.0 0.0 0.0 0.0 0.0 0.0 0.0 0.0 0.0 0.0 0.0 0.0 0.0 0.0 0.0 0.0 0.0 0.0 0.0 0.0 0.0 0.0 0.0 0.1875 0.4375 0.125 0.4375 0.25 0.25 0.1875 0.3125 0.375 0.125 0.25 0.0625 0.0625 0.0 0.1875 0.3125 0.0 0.0 0.0 0.0 0.0 0.0 0.0 0.0 0.0 0.0 0.0 0.0 0.0 0.0 0.0 0.0 0.0 0.0 0.0 0.0 0.0 0.0 0.0 0.0 0.1875 0.375 0.125 0.25 0.1875 0.25 0.1875 0.1875

(0.21537642045454544, 0.09742431010096525) (0.055338541666666664, 0.009617699517144097) (0.23295454545454544, 0.009232954545454546) (0.0, 0.0)