Training set average reward:      2.2424488067626953
Testing set average reward:       1.5505355596542358
Training set average success:     0.359375
Testing set average success:      0.203125
Training set success list:
0.5 0.1875 0.3125 0.375 0.3125 0.375 0.375 0.25 0.0 0.0 0.0 0.0 0.0 0.0 0.0 0.0 0.0 0.0 0.0 0.0 0.0 0.0 0.0 0.0 0.0 0.0 0.0 0.0 0.0 0.0 0.0 0.0 0.25 0.25 0.375 0.3125 0.3125 0.1875 0.25 0.3125 0.625 0.5625 0.75 0.6875 0.5625 0.625 0.625 0.5 0.1875 0.125 0.125 0.1875 0.0625 0.125 0.0 0.0625 0.375 0.3125 0.4375 0.5625 0.4375 0.375 0.4375 0.4375 0.0 0.0 0.125 0.125 0.0 0.0 0.0 0.0625 1.0 0.875 0.75 0.9375 0.9375 0.9375 0.9375 1.0 0.375 0.5 0.4375 0.375 0.375 0.5 0.4375 0.375 0.0 0.0 0.0 0.0 0.0 0.0 0.0 0.0 0.4375 0.375 0.375 0.375 0.4375 0.375 0.3125 0.3125 0.0 0.0 0.0 0.0 0.0 0.0 0.0 0.0 0.125 0.125 0.0625 0.0625 0.0 0.0625 0.1875 0.0625 0.875 0.875 0.875 0.875 0.875 0.875 0.75 0.8125 0.25 0.25 0.3125 0.5625 0.25 0.375 0.3125 0.125 0.6875 0.6875 0.6875 0.75 0.625 0.5 0.8125 0.5625 0.25 0.375 0.3125 0.6875 0.4375 0.375 0.375 0.625 0.0625 0.0625 0.0625 0.0625 0.0625 0.0625 0.0625 0.0625 0.625 0.375 0.5 0.5 0.625 0.625 0.375 0.625 0.5 0.5625 0.4375 0.5 0.5625 0.5 0.4375 0.5 0.3125 0.5 0.125 0.375 0.5 0.3125 0.1875 0.1875 0.0 0.0 0.0 0.0 0.0 0.0 0.0 0.0 0.0 0.0 0.0 0.0 0.0 0.0 0.0 0.0 0.375 0.375 0.3125 0.3125 0.375 0.375 0.375 0.5625 0.3125 0.1875 0.1875 0.25 0.0625 0.4375 0.0625 0.25 0.0625 0.125 0.125 0.0 0.0625 0.0 0.1875 0.125 1.0 1.0 0.8125 1.0 1.0 0.9375 0.875 1.0 0.9375 0.9375 0.9375 0.9375 0.9375 0.9375 1.0 0.9375 0.6875 0.5625 0.6875 0.6875 0.6875 0.6875 0.75 0.625 0.75 0.75 0.8125 0.75 0.875 0.75 0.875 0.9375 0.0 0.0625 0.0 0.0 0.0 0.0 0.0625 0.0 0.6875 0.5 0.5 0.5625 0.4375 0.375 0.625 0.375 0.6875 0.5 0.5625 0.5625 0.4375 0.5625 0.5 0.4375 0.0 0.0 0.0 0.0 0.0 0.0 0.0 0.0 0.0625 0.0625 0.0625 0.0 0.0 0.0 0.0 0.0 0.4375 0.375 0.375 0.5 0.4375 0.5625 0.3125 0.375 0.0 0.0 0.0 0.125 0.0 0.0 0.1875 0.0625 0.5625 0.625 0.75 0.5625 0.5 0.5625 0.8125 0.5 1.0 0.875 1.0 1.0 1.0 0.875 1.0 0.9375 0.9375 1.0 0.875 1.0 0.9375 0.875 1.0 1.0 0.375 0.4375 0.25 0.3125 0.375 0.25 0.6875 0.5625 0.0 0.0 0.0 0.0 0.0 0.0 0.0 0.0

Testing set success list:
0.0625 0.0625 0.0625 0.125 0.0625 0.125 0.0625 0.0 0.0 0.0 0.0 0.0 0.0 0.0 0.0 0.0 0.0 0.0 0.0 0.0 0.0 0.0 0.0 0.0 0.0 0.0 0.0 0.0 0.0 0.0 0.0 0.0 0.0 0.0 0.0 0.0 0.0 0.0 0.0 0.0 0.0 0.0 0.0 0.0 0.0 0.0 0.0 0.0 0.375 0.3125 0.3125 0.375 0.3125 0.25 0.4375 0.1875 0.0 0.0 0.0 0.0 0.0 0.0 0.0 0.0 0.0 0.0 0.0 0.0 0.0 0.0 0.0 0.0 0.4375 0.3125 0.3125 0.125 0.1875 0.1875 0.1875 0.3125 1.0 1.0 0.9375 1.0 1.0 0.9375 1.0 1.0 0.9375 0.9375 0.875 0.875 0.8125 0.875 0.875 0.875 0.0 0.0 0.0 0.0 0.0 0.0 0.0 0.0 0.0 0.0 0.0 0.0 0.0 0.0 0.0 0.0 0.5 0.4375 0.75 0.6875 0.3125 0.25 0.75 0.5 0.125 0.0625 0.1875 0.25 0.25 0.375 0.25 0.1875

(0.359375, 0.10317438299005682) (0.203125, 0.09879302978515625) (0.35511363636363635, 0.049360795454545456) (0.1640625, 0.0146484375)