Training set average reward:      1.8047740459442139
Testing set average reward:       1.2580126523971558
Training set average success:     0.3790838122367859
Testing set average success:      0.193359375
Training set success list:
0.125 0.25 0.0625 0.375 0.4375 0.0 0.125 0.0 0.1875 0.3125 0.3125 0.4375 0.5625 0.3125 0.375 0.3125 0.75 0.6875 0.75 0.9375 0.875 0.9375 0.8125 1.0 0.5625 0.4375 0.875 0.6875 0.4375 0.75 0.6875 0.625 0.5 0.3125 0.4375 0.5625 0.25 0.25 0.3125 0.25 1.0 1.0 1.0 0.9375 1.0 1.0 1.0 1.0 0.5 0.375 0.375 0.5 0.5625 0.4375 0.625 0.4375 0.3125 0.0625 0.125 0.125 0.0625 0.25 0.0625 0.375 0.6875 0.5 0.5 0.625 0.375 0.4375 0.375 0.5625 0.1875 0.25 0.4375 0.25 0.3125 0.375 0.4375 0.375 0.0 0.0 0.0 0.0 0.0 0.0 0.0 0.0 0.875 0.9375 1.0 1.0 0.9375 0.75 0.75 0.9375 0.6875 0.8125 0.8125 0.875 0.875 0.8125 0.9375 0.875 0.0625 0.0625 0.125 0.1875 0.125 0.0 0.0 0.1875 0.625 0.6875 0.4375 0.6875 0.4375 0.6875 0.5 0.4375 0.5 0.4375 0.5 0.6875 0.75 0.5625 0.4375 0.5 0.3125 0.3125 0.1875 0.25 0.25 0.125 0.25 0.1875 0.625 0.6875 0.625 0.75 0.8125 0.75 0.5625 0.6875 0.0 0.0 0.0 0.0 0.0 0.0 0.0 0.0 0.25 0.5 0.625 0.4375 0.8125 0.5 0.5 0.625 0.375 0.3125 0.125 0.25 0.25 0.25 0.375 0.25 0.75 0.8125 0.875 0.8125 0.8125 0.75 0.9375 0.8125 0.375 0.5 0.5625 0.5 0.4375 0.25 0.375 0.375 1.0 0.9375 0.9375 1.0 0.875 0.9375 0.875 1.0 0.4375 0.6875 0.3125 0.4375 0.5 0.75 0.5 0.6875 0.0 0.0 0.0 0.0 0.0 0.0 0.0 0.0 0.5625 0.375 0.625 0.4375 0.5625 0.375 0.3125 0.3125 0.5625 0.5625 0.875 0.6875 0.6875 0.8125 0.75 0.6875 0.0625 0.3125 0.1875 0.0 0.0625 0.0 0.125 0.1875 0.0 0.0 0.375 0.0 0.0625 0.0 0.0 0.0 0.1875 0.0625 0.0625 0.0625 0.25 0.0 0.0625 0.0 0.5625 0.5 0.6875 0.375 0.5625 0.625 0.4375 0.625 0.125 0.125 0.125 0.1875 0.3125 0.3125 0.125 0.1875 0.25 0.5 0.3125 0.5 0.4375 0.625 0.625 0.5 0.125 0.25 0.375 0.125 0.125 0.5 0.375 0.1875 0.0625 0.0 0.0 0.125 0.0625 0.0 0.0625 0.0 0.1875 0.0625 0.0625 0.125 0.0 0.0 0.0625 0.0 0.25 0.5625 0.4375 0.3125 0.5625 0.4375 0.6875 0.3125 0.1875 0.125 0.125 0.0625 0.125 0.0625 0.125 0.125 0.9375 0.6875 0.75 0.625 0.5 0.75 0.75 0.6875 0.0625 0.25 0.125 0.1875 0.1875 0.3125 0.1875 0.375 0.0 0.0 0.0 0.0 0.0 0.0 0.0 0.0 0.0 0.0 0.0 0.0 0.0 0.0 0.0 0.0 0.0 0.0 0.0 0.0 0.0 0.0 0.0 0.0

Testing set success list:
0.0 0.0 0.0 0.0 0.0 0.0 0.0 0.0 0.0625 0.0 0.0 0.0 0.0 0.0 0.0 0.0625 0.0 0.0 0.0 0.0 0.0 0.0 0.0 0.0 0.5 0.4375 0.5 0.5625 0.4375 0.5625 0.375 0.5 0.0 0.0 0.0 0.0625 0.0 0.0 0.0 0.0 0.0 0.0 0.0 0.0 0.0 0.0 0.0 0.0 0.6875 0.6875 0.6875 0.875 0.75 0.75 0.8125 0.6875 0.5 0.4375 0.3125 0.25 0.4375 0.125 0.4375 0.375 0.0 0.0 0.0 0.0 0.0 0.0 0.0 0.0 0.0 0.0 0.0 0.0 0.0 0.0 0.0 0.0 0.1875 0.0625 0.125 0.0625 0.0 0.0 0.125 0.0 0.6875 0.6875 0.5625 0.625 0.5625 0.75 0.75 0.5

(0.3790838068181818, 0.08710962090610473) (0.193359375, 0.07346725463867188) (0.3778409090909091, 0.06924715909090909) (0.22916666666666666, 0.028645833333333332)