Training set average reward:      0.6961302757263184
Testing set average reward:       0.5597121119499207
Training set average success:     0.9270241856575012
Testing set average success:      0.9069010615348816
Training set success list:
0.9375 1.0 1.0 1.0 1.0 1.0 1.0 1.0 1.0 1.0 1.0 1.0 1.0 1.0 1.0 1.0 0.5 0.8125 0.625 0.875 0.625 0.5625 0.6875 0.625 1.0 1.0 1.0 1.0 1.0 1.0 1.0 1.0 1.0 1.0 1.0 1.0 1.0 0.875 0.9375 1.0 1.0 1.0 1.0 1.0 1.0 1.0 1.0 1.0 1.0 1.0 1.0 1.0 1.0 1.0 1.0 1.0 0.8125 0.875 0.6875 0.75 0.875 0.8125 0.75 0.875 1.0 1.0 0.9375 1.0 1.0 1.0 1.0 1.0 0.8125 0.875 0.8125 0.875 0.8125 0.875 0.8125 0.8125 1.0 1.0 1.0 1.0 1.0 1.0 1.0 1.0 1.0 1.0 1.0 1.0 1.0 1.0 1.0 1.0 0.9375 0.9375 1.0 0.9375 0.8125 0.8125 0.9375 1.0 1.0 1.0 1.0 1.0 1.0 1.0 1.0 1.0 0.9375 0.9375 0.9375 1.0 0.9375 0.9375 1.0 0.875 1.0 1.0 1.0 1.0 1.0 1.0 1.0 1.0 0.9375 0.75 0.8125 0.875 1.0 0.8125 0.8125 0.9375 1.0 1.0 1.0 1.0 1.0 1.0 1.0 1.0 1.0 1.0 1.0 1.0 1.0 1.0 1.0 1.0 1.0 1.0 1.0 1.0 1.0 1.0 1.0 1.0 0.75 0.875 0.9375 0.8125 0.8125 0.8125 0.9375 0.9375 0.6875 0.6875 0.6875 0.75 0.6875 0.8125 0.625 0.6875 1.0 1.0 1.0 1.0 1.0 1.0 1.0 1.0 1.0 1.0 1.0 1.0 1.0 1.0 1.0 1.0 1.0 1.0 1.0 1.0 1.0 1.0 1.0 1.0 1.0 1.0 1.0 1.0 1.0 1.0 1.0 1.0 0.9375 1.0 0.8125 1.0 0.875 1.0 1.0 0.9375 1.0 1.0 1.0 1.0 1.0 0.9375 1.0 1.0 0.875 0.75 0.9375 1.0 0.875 0.8125 0.875 0.9375 1.0 1.0 1.0 0.9375 1.0 1.0 1.0 1.0 0.8125 0.9375 0.8125 0.8125 0.875 0.875 0.8125 0.8125 1.0 1.0 1.0 0.9375 1.0 0.9375 1.0 0.9375 0.9375 0.875 1.0 0.875 1.0 1.0 1.0 0.9375 0.6875 0.6875 0.8125 0.625 0.75 0.8125 0.9375 0.75 0.875 0.9375 0.9375 0.75 0.9375 0.9375 0.9375 0.8125 0.4375 0.1875 0.375 0.3125 0.25 0.4375 0.3125 0.3125 0.875 0.625 0.75 0.6875 0.75 0.6875 0.875 0.625 1.0 1.0 1.0 1.0 1.0 1.0 1.0 1.0 0.9375 1.0 0.875 1.0 0.875 0.875 1.0 0.875 1.0 1.0 1.0 1.0 1.0 1.0 1.0 1.0 1.0 1.0 1.0 1.0 1.0 1.0 1.0 1.0 1.0 1.0 1.0 1.0 1.0 1.0 1.0 1.0 1.0 1.0 1.0 1.0 1.0 1.0 1.0 1.0 1.0 1.0 1.0 1.0 1.0 1.0 1.0 1.0

Testing set success list:
1.0 1.0 1.0 1.0 1.0 1.0 1.0 1.0 1.0 1.0 1.0 1.0 1.0 1.0 1.0 1.0 1.0 1.0 1.0 1.0 1.0 1.0 1.0 1.0 1.0 1.0 1.0 1.0 1.0 1.0 1.0 1.0 0.25 0.125 0.1875 0.1875 0.3125 0.125 0.125 0.125 1.0 1.0 0.75 0.875 0.9375 0.9375 0.875 0.875 1.0 0.9375 1.0 1.0 1.0 1.0 1.0 1.0 0.9375 1.0 0.875 0.875 1.0 0.9375 1.0 0.8125 0.9375 0.875 0.875 0.875 0.9375 1.0 1.0 1.0 1.0 1.0 1.0 0.9375 1.0 1.0 1.0 1.0 1.0 0.9375 0.9375 1.0 1.0 1.0 1.0 0.9375 0.9375 1.0 0.9375 1.0 1.0 1.0 0.9375 0.9375

(0.9270241477272727, 0.016373910194586137) (0.9069010416666666, 0.049015892876519106) (0.9772727272727273, 0.0) (0.9166666666666666, 0.0)