Training set average reward:      2.300400733947754
Testing set average reward:       2.150181531906128
Training set average success:     0.5768821239471436
Testing set average success:      0.57275390625
Training set success list:
0.875 0.6875 0.875 0.8125 0.875 0.625 0.875 0.9375 0.9375 1.0 1.0 1.0 1.0 1.0 0.8125 1.0 0.375 0.6875 0.3125 0.375 0.4375 0.5 0.4375 0.4375 1.0 1.0 1.0 1.0 1.0 1.0 1.0 1.0 0.4375 0.25 0.75 0.625 0.5625 0.75 0.5625 0.5625 0.8125 0.625 0.6875 0.75 0.6875 0.5 0.6875 0.75 0.5 0.75 0.875 0.75 0.5625 0.75 0.9375 0.6875 0.25 0.375 0.375 0.375 0.4375 0.5625 0.375 0.4375 0.125 0.125 0.125 0.0625 0.0 0.0625 0.125 0.0 0.8125 1.0 0.625 0.8125 0.8125 0.6875 0.875 0.75 0.125 0.0625 0.0625 0.0 0.0625 0.0 0.125 0.0625 0.9375 0.8125 0.9375 0.9375 0.75 1.0 0.9375 1.0 0.375 0.5625 0.625 0.75 0.6875 0.8125 0.6875 0.4375 0.1875 0.0625 0.0 0.0 0.0625 0.0625 0.0625 0.0 0.9375 1.0 0.6875 0.8125 0.8125 1.0 0.875 0.875 1.0 0.9375 0.9375 0.9375 0.9375 0.9375 1.0 1.0 0.0 0.0 0.0 0.0 0.0 0.0 0.0 0.0 0.3125 0.125 0.0625 0.25 0.125 0.375 0.0625 0.0625 1.0 1.0 1.0 1.0 1.0 1.0 1.0 1.0 0.0625 0.5625 0.4375 0.375 0.1875 0.5625 0.1875 0.3125 0.9375 1.0 0.9375 1.0 0.9375 1.0 0.9375 0.9375 0.5 0.1875 0.5 0.25 0.3125 0.4375 0.125 0.4375 0.0 0.0625 0.125 0.0625 0.0 0.0 0.0 0.0625 0.0 0.0 0.0 0.0 0.0 0.0 0.0 0.0 0.6875 0.6875 0.5 0.5625 0.625 0.6875 0.75 0.625 0.625 0.6875 0.75 0.75 0.8125 0.8125 0.625 0.8125 0.0 0.125 0.0625 0.0625 0.0 0.125 0.0625 0.0 0.5 0.4375 0.375 0.375 0.4375 0.375 0.4375 0.5 0.6875 0.75 0.625 0.6875 0.75 0.5625 0.875 0.6875 1.0 1.0 1.0 1.0 1.0 1.0 1.0 1.0 0.8125 0.875 0.9375 0.625 0.875 0.625 0.9375 0.9375 0.875 0.8125 0.8125 0.625 0.75 0.75 0.625 0.5625 0.0625 0.1875 0.125 0.125 0.1875 0.375 0.375 0.25 1.0 1.0 1.0 1.0 1.0 1.0 1.0 1.0 0.0 0.0 0.0 0.0 0.0 0.0 0.0 0.0 0.125 0.1875 0.1875 0.0625 0.0625 0.125 0.125 0.375 0.4375 0.5625 0.5625 0.3125 0.3125 0.375 0.1875 0.375 1.0 1.0 1.0 1.0 1.0 1.0 1.0 1.0 1.0 1.0 1.0 1.0 1.0 1.0 1.0 0.9375 0.25 0.125 0.1875 0.375 0.125 0.1875 0.1875 0.1875 0.5625 0.5 0.6875 0.625 0.8125 0.8125 0.75 0.8125 1.0 0.9375 1.0 1.0 0.9375 0.9375 1.0 1.0 0.9375 0.8125 0.75 0.8125 0.6875 0.8125 0.9375 0.8125 1.0 1.0 1.0 1.0 1.0 1.0 1.0 1.0

Testing set success list:
0.75 0.625 0.8125 0.5625 0.5625 0.5 0.625 0.6875 0.125 0.125 0.0625 0.125 0.0625 0.125 0.0625 0.125 0.125 0.125 0.1875 0.25 0.125 0.3125 0.4375 0.125 1.0 1.0 1.0 1.0 1.0 1.0 1.0 1.0 0.75 0.8125 0.75 0.75 0.625 0.6875 0.625 0.625 1.0 1.0 1.0 1.0 1.0 1.0 1.0 1.0 1.0 1.0 1.0 1.0 1.0 1.0 1.0 1.0 0.0 0.0625 0.0 0.0 0.0 0.0 0.0 0.0625 0.125 0.0625 0.1875 0.0625 0.25 0.0 0.125 0.125 0.8125 0.875 0.875 0.8125 0.5625 0.8125 0.75 0.8125 1.0 1.0 1.0 1.0 1.0 1.0 1.0 0.9375 0.8125 1.0 0.625 0.8125 0.875 0.8125 0.625 0.75 0.0 0.0 0.0 0.0 0.0 0.0625 0.0 0.0625 0.5 0.5 0.6875 0.8125 0.625 0.625 0.8125 0.375 1.0 1.0 1.0 0.9375 0.9375 1.0 1.0 1.0 0.125 0.3125 0.0625 0.25 0.1875 0.125 0.25 0.1875

(0.5768821022727273, 0.1269113524886202) (0.57275390625, 0.14623808860778809) (0.6107954545454546, 0.03231534090909091) (0.6171875, 0.0068359375)
