Training set average reward:      1.1836186647415161
Testing set average reward:       0.6904227137565613
Training set average success:     0.21182529628276825
Testing set average success:      0.1243489608168602
Training set success list:
0.9375 0.9375 0.9375 1.0 0.9375 1.0 0.875 0.9375 0.625 0.4375 0.625 0.625 0.75 0.4375 0.6875 0.375 0.0 0.0 0.0 0.0 0.0 0.0 0.0 0.0 0.0625 0.0 0.0 0.0625 0.0 0.0625 0.0 0.0625 0.0 0.0 0.0 0.0 0.0 0.0 0.0 0.0 0.25 0.1875 0.0625 0.25 0.1875 0.4375 0.1875 0.0625 0.875 1.0 0.9375 0.875 1.0 0.875 0.9375 1.0 0.1875 0.25 0.125 0.25 0.125 0.1875 0.1875 0.125 0.625 0.875 0.8125 0.75 0.9375 0.9375 0.9375 0.9375 0.25 0.25 0.25 0.3125 0.1875 0.375 0.375 0.1875 0.0 0.0 0.0 0.0 0.0 0.0 0.0 0.0 0.0 0.0 0.0 0.0 0.0 0.0 0.0 0.0 0.0 0.0 0.0 0.0 0.0 0.0 0.0 0.0 0.125 0.25 0.3125 0.125 0.25 0.1875 0.125 0.25 0.0 0.0 0.0 0.0 0.0 0.0 0.0 0.0 0.0 0.0 0.0 0.0 0.0 0.0 0.0 0.0 0.0 0.0 0.0 0.0 0.0 0.0 0.0 0.0 0.1875 0.3125 0.1875 0.0 0.125 0.1875 0.125 0.1875 0.0 0.0 0.0 0.0 0.0 0.0 0.0 0.0 0.0 0.0625 0.0625 0.0625 0.0625 0.0625 0.0625 0.0625 0.5625 0.75 0.625 0.75 0.5625 0.75 0.75 0.6875 0.0 0.0 0.0 0.0 0.0 0.0 0.0 0.0 0.4375 0.375 0.4375 0.5625 0.625 0.5625 0.5625 0.75 0.625 0.4375 0.3125 0.3125 0.1875 0.25 0.5 0.5 0.0 0.0 0.0 0.0 0.0 0.0 0.0 0.0 0.0 0.0 0.0 0.0 0.0 0.0 0.0 0.0 0.8125 0.6875 0.75 0.8125 0.9375 0.875 0.875 0.75 0.0 0.0625 0.25 0.0 0.0625 0.125 0.1875 0.1875 0.0 0.0 0.0 0.0 0.0 0.0 0.0 0.0 0.9375 0.6875 0.75 0.9375 0.8125 0.9375 0.75 0.875 0.0 0.0 0.0 0.0 0.0 0.0625 0.0 0.0 0.0 0.0 0.0 0.0 0.0 0.0 0.0 0.0 0.0625 0.125 0.0 0.125 0.0 0.0625 0.0625 0.125 0.1875 0.3125 0.125 0.0625 0.0625 0.0625 0.0 0.0625 0.3125 0.0625 0.4375 0.0625 0.125 0.1875 0.0625 0.125 0.0 0.0 0.0 0.0 0.0 0.0 0.0 0.0 0.4375 0.375 0.4375 0.4375 0.5 0.3125 0.4375 0.3125 0.75 0.5625 0.75 0.75 0.625 0.75 0.875 0.5625 0.0625 0.0625 0.0625 0.125 0.0 0.0625 0.0625 0.0625 0.0 0.0 0.0 0.0 0.0 0.0 0.0 0.0 0.0 0.0 0.0 0.0 0.0 0.0 0.0 0.0 0.0 0.0 0.0 0.0 0.0 0.0 0.0 0.0 0.0 0.0 0.0 0.0 0.0 0.0 0.0 0.0 0.0 0.0625 0.0 0.0 0.0 0.0 0.0 0.0

Testing set success list:
0.0 0.0 0.0625 0.0 0.0 0.0 0.0 0.0 0.0 0.0 0.0 0.0 0.0 0.0 0.0 0.0 0.0 0.0 0.0 0.0 0.0 0.0 0.0 0.0 0.375 0.375 0.25 0.3125 0.1875 0.125 0.3125 0.3125 0.375 0.1875 0.25 0.375 0.3125 0.25 0.125 0.25 0.0 0.0 0.0 0.0 0.0 0.0 0.0 0.0 0.375 0.25 0.375 0.375 0.3125 0.25 0.3125 0.1875 0.625 0.4375 0.5 0.75 0.6875 0.625 0.375 0.4375 0.0 0.0 0.0 0.0 0.0 0.0 0.0 0.0 0.0 0.0 0.0 0.0 0.0 0.0 0.0 0.0 0.0 0.1875 0.0625 0.0625 0.0625 0.125 0.0625 0.0625 0.0 0.0 0.0 0.0 0.0 0.0 0.0 0.0

(0.2118252840909091, 0.09216091061426587) (0.12434895833333333, 0.030898623996310756) (0.19886363636363635, 0.018465909090909092) (0.052083333333333336, 0.01953125)