Training set average reward:      1.634926676750183
Testing set average reward:       1.3897438049316406
Training set average success:     0.2523082494735718
Testing set average success:      0.2216796875
Training set success list:
0.6875 0.375 0.8125 0.75 0.8125 0.8125 0.6875 0.5625 0.1875 0.5 0.25 0.25 0.0 0.0625 0.5 0.3125 0.0625 0.0 0.0 0.1875 0.125 0.125 0.125 0.1875 0.6875 0.75 0.625 0.75 0.8125 0.5625 0.6875 0.75 0.375 0.3125 0.5 0.375 0.4375 0.3125 0.1875 0.25 0.1875 0.3125 0.1875 0.1875 0.1875 0.1875 0.125 0.0625 0.6875 0.625 0.4375 0.625 0.6875 0.5 0.5 0.75 0.0 0.0 0.0 0.0 0.0625 0.0 0.0 0.0 0.0 0.0625 0.0625 0.0 0.0 0.0 0.0625 0.0625 0.0 0.0 0.0 0.0 0.0625 0.0 0.0 0.0 0.0 0.0 0.0625 0.0625 0.0625 0.0 0.0 0.0625 0.125 0.5 0.625 0.375 0.4375 0.6875 0.75 0.5625 0.5 0.75 0.75 0.4375 0.25 0.6875 0.75 0.6875 0.0 0.0625 0.0625 0.0625 0.125 0.0 0.0625 0.0625 0.375 0.75 0.5 0.5 0.5625 0.625 0.6875 0.4375 0.25 0.1875 0.1875 0.1875 0.1875 0.25 0.3125 0.1875 0.0625 0.0 0.0 0.0 0.0 0.0 0.0 0.0 0.0 0.0625 0.0 0.0625 0.1875 0.0 0.0625 0.0 0.1875 0.125 0.1875 0.25 0.0625 0.125 0.1875 0.1875 0.0 0.0 0.0625 0.0 0.0 0.0625 0.0 0.0 0.375 0.375 0.125 0.3125 0.1875 0.25 0.1875 0.25 0.0 0.0 0.0 0.0 0.0 0.0 0.0 0.0 0.0 0.0 0.0 0.0 0.0 0.0 0.0 0.0 0.0 0.0 0.0625 0.0 0.0 0.0 0.0 0.0 0.25 0.25 0.25 0.5 0.125 0.1875 0.3125 0.5 0.125 0.125 0.125 0.125 0.3125 0.125 0.1875 0.1875 0.0 0.0 0.0 0.0 0.0 0.0 0.0 0.0 0.0625 0.0 0.0625 0.0625 0.0625 0.0625 0.0 0.0 0.125 0.4375 0.5625 0.25 0.3125 0.25 0.1875 0.25 0.25 0.4375 0.3125 0.5 0.4375 0.375 0.4375 0.5 0.0625 0.0 0.1875 0.0625 0.125 0.0 0.0 0.0 0.9375 0.625 0.5 0.4375 0.5625 0.625 0.8125 0.625 0.0625 0.0 0.0625 0.0625 0.125 0.0 0.0 0.0 0.75 0.875 0.875 0.9375 0.6875 0.9375 0.8125 0.75 0.0 0.0 0.0 0.0 0.0 0.0 0.0 0.0 0.0 0.0 0.0 0.0 0.0 0.0 0.0 0.0 0.125 0.0625 0.0 0.0625 0.1875 0.0625 0.125 0.0625 0.75 0.9375 0.75 0.8125 0.75 0.875 0.75 0.8125 0.5 0.4375 0.4375 0.4375 0.4375 0.4375 0.4375 0.5625 0.125 0.125 0.125 0.0625 0.0625 0.1875 0.125 0.1875 0.375 0.5625 0.5 0.875 0.1875 0.6875 0.5625 0.8125 0.1875 0.0625 0.125 0.4375 0.25 0.4375 0.375 0.125 0.0 0.0 0.0625 0.0 0.0625 0.125 0.0625 0.0 0.625 0.5 0.75 0.625 0.625 0.5 0.75 0.5

Testing set success list:
0.0625 0.0625 0.1875 0.125 0.125 0.0 0.0 0.0625 0.0 0.0 0.0 0.0 0.0 0.0 0.0 0.0 0.1875 0.0 0.0 0.0 0.0 0.0625 0.0625 0.0625 0.25 0.1875 0.25 0.5625 0.3125 0.25 0.5625 0.4375 0.125 0.125 0.1875 0.125 0.3125 0.125 0.1875 0.0625 0.5 0.625 0.375 0.5625 0.4375 0.5 0.5 0.4375 0.75 0.8125 0.6875 0.625 0.6875 0.6875 0.75 0.5625 0.0 0.0 0.0 0.0 0.0 0.0 0.0 0.0 0.0 0.0 0.0625 0.0625 0.0625 0.0 0.0 0.0 0.5 0.5625 0.375 0.5 0.25 0.5 0.5 0.5 0.4375 0.375 0.4375 0.5625 0.5625 0.4375 0.4375 0.4375 0.0 0.0625 0.0625 0.0 0.0625 0.0 0.0 0.0 0.0 0.0 0.0 0.0 0.0 0.0 0.0 0.0 0.3125 0.125 0.0625 0.1875 0.0625 0.125 0.0625 0.0625 0.3125 0.375 0.6875 0.375 0.5 0.625 0.625 0.625 0.1875 0.0625 0.125 0.1875 0.0625 0.0625 0.1875 0.0625

(0.25230823863636365, 0.06694330262743739) (0.2216796875, 0.051062583923339844) (0.24431818181818182, 0.04758522727272727) (0.21875, 0.064453125)