Training set average reward:      1.2752354145050049
Testing set average reward:       0.7797591090202332
Training set average success:     0.20543324947357178
Testing set average success:      0.080078125
Training set success list:
0.75 0.875 0.875 0.9375 0.75 0.8125 0.875 0.8125 0.1875 0.125 0.0625 0.0625 0.125 0.3125 0.1875 0.125 0.0 0.0625 0.1875 0.0 0.0 0.0 0.0 0.0 0.0 0.0 0.0 0.0 0.0 0.0 0.0 0.0 0.0 0.0 0.0 0.0 0.0 0.0 0.0 0.0 0.0 0.0 0.0 0.0 0.0 0.0 0.0 0.0 0.9375 0.9375 0.875 0.8125 0.875 0.875 0.9375 0.9375 0.0625 0.125 0.0625 0.1875 0.0625 0.3125 0.125 0.25 0.875 0.9375 0.875 0.875 0.875 0.9375 1.0 0.9375 0.3125 0.3125 0.3125 0.3125 0.25 0.125 0.375 0.1875 0.0 0.0 0.0 0.0 0.0 0.0 0.0 0.0 0.5 0.375 0.5625 0.375 0.5625 0.4375 0.4375 0.375 0.3125 0.3125 0.25 0.125 0.0625 0.375 0.1875 0.0625 0.0 0.0 0.0 0.0 0.0 0.0 0.0 0.0 0.0 0.0 0.0 0.0 0.0 0.0 0.0 0.0 0.0 0.0 0.0 0.0 0.0 0.0 0.0 0.0 0.0 0.0 0.0 0.0 0.0 0.0 0.0 0.0 0.0 0.0 0.0 0.0 0.0 0.0 0.0 0.0 0.0 0.0 0.0 0.0 0.0 0.0 0.0 0.0 0.125 0.3125 0.125 0.3125 0.0625 0.0625 0.1875 0.375 0.875 0.875 0.75 0.6875 0.6875 0.5625 0.625 0.8125 0.0 0.0 0.0 0.0 0.0 0.0 0.0 0.0 0.0 0.0 0.0 0.0 0.0 0.0 0.0 0.0 0.0 0.0 0.0 0.0 0.0 0.0 0.125 0.0 0.0625 0.0625 0.0625 0.0 0.0625 0.0 0.0 0.0 0.0 0.0 0.0 0.0 0.0 0.0 0.0 0.0 1.0 0.9375 0.75 0.875 1.0 0.8125 0.9375 1.0 0.125 0.25 0.0625 0.25 0.125 0.125 0.1875 0.125 0.0 0.0 0.0 0.0 0.0 0.0 0.0 0.0 0.625 0.8125 0.5625 0.5625 0.625 0.6875 0.8125 0.5 0.125 0.1875 0.1875 0.3125 0.1875 0.25 0.3125 0.1875 0.0 0.0 0.0 0.0 0.0 0.0 0.0 0.0 0.5 0.5 0.375 0.5 0.4375 0.4375 0.75 0.5 0.0625 0.3125 0.0625 0.125 0.125 0.1875 0.125 0.3125 0.6875 0.8125 0.6875 0.75 0.625 0.75 0.75 0.75 0.0 0.0 0.0 0.0 0.0 0.0 0.0 0.0 0.0625 0.0625 0.0625 0.0625 0.0 0.0625 0.0 0.0625 0.5625 0.375 0.5 0.4375 0.375 0.75 0.5625 0.4375 0.1875 0.1875 0.1875 0.1875 0.1875 0.3125 0.25 0.25 0.0 0.0 0.0 0.0 0.0 0.0 0.0 0.0 0.0 0.0 0.0 0.0 0.0 0.0 0.0 0.0 0.0 0.0 0.0 0.0 0.0 0.0 0.0 0.0 0.0 0.0 0.0 0.0 0.0 0.0 0.0 0.0 0.0625 0.0625 0.0 0.125 0.0625 0.0625 0.0625 0.0

Testing set success list:
0.0 0.0 0.0 0.0 0.0 0.0 0.0 0.0 0.0 0.0 0.0 0.0 0.0 0.0 0.0 0.0 0.0 0.0 0.0 0.0 0.0 0.0 0.0 0.0 0.0 0.0625 0.0 0.0 0.0 0.0 0.0 0.0 0.0 0.0 0.0 0.0 0.0 0.0 0.0 0.0 0.0 0.0 0.0 0.0 0.0 0.0 0.0 0.0 0.0 0.0 0.0 0.0625 0.0 0.0 0.0 0.0 0.5 0.375 0.3125 0.5 0.25 0.5 0.4375 0.375 0.0 0.0 0.0 0.0 0.0 0.0 0.0 0.0 0.0 0.0 0.0 0.0 0.0 0.0 0.0 0.0 0.375 0.625 0.5 0.5625 0.5625 0.4375 0.6875 0.5625 0.0 0.0 0.0 0.0 0.0 0.0 0.0 0.0

(0.20543323863636365, 0.08793107340158508) (0.080078125, 0.031566619873046875) (0.19318181818181818, 0.016335227272727272) (0.09375, 0.03515625)