Training set average reward:      0.17678599059581757
Testing set average reward:       0.33532392978668213
Training set average success:     0.8970170617103577
Testing set average success:      0.90087890625
Training set success list:
1.0 1.0 1.0 1.0 1.0 1.0 1.0 1.0 0.875 1.0 1.0 1.0 1.0 1.0 1.0 1.0 1.0 1.0 1.0 1.0 1.0 1.0 1.0 1.0 1.0 1.0 1.0 1.0 1.0 1.0 1.0 1.0 1.0 1.0 1.0 1.0 1.0 1.0 1.0 1.0 1.0 1.0 1.0 1.0 1.0 1.0 1.0 1.0 0.375 0.5 0.375 0.5 0.5 0.5 0.5625 0.5625 0.8125 0.5625 0.875 0.75 0.6875 0.75 0.8125 0.8125 0.9375 1.0 0.9375 0.875 0.9375 0.9375 0.9375 1.0 1.0 1.0 1.0 1.0 1.0 1.0 1.0 1.0 0.9375 0.9375 0.9375 0.9375 0.9375 0.9375 0.9375 0.9375 1.0 1.0 1.0 1.0 1.0 1.0 1.0 1.0 1.0 1.0 1.0 1.0 1.0 1.0 1.0 1.0 0.75 0.6875 0.8125 0.75 0.75 0.625 0.8125 0.6875 1.0 1.0 1.0 1.0 1.0 1.0 1.0 1.0 1.0 1.0 1.0 1.0 1.0 1.0 1.0 1.0 0.8125 0.75 0.75 0.6875 0.75 0.75 0.625 0.75 1.0 0.9375 1.0 1.0 1.0 0.9375 0.8125 0.875 1.0 1.0 1.0 1.0 1.0 1.0 1.0 1.0 0.9375 1.0 1.0 0.9375 1.0 1.0 1.0 0.875 1.0 1.0 1.0 1.0 1.0 1.0 1.0 1.0 0.9375 0.9375 0.9375 0.9375 0.9375 0.9375 0.875 0.9375 1.0 1.0 0.9375 0.9375 1.0 1.0 0.9375 1.0 0.9375 0.9375 0.9375 0.8125 0.9375 0.9375 0.9375 0.9375 1.0 1.0 1.0 1.0 1.0 1.0 1.0 1.0 1.0 1.0 1.0 1.0 1.0 1.0 1.0 1.0 0.9375 0.875 0.875 0.75 0.6875 0.8125 0.875 0.875 0.25 0.25 0.125 0.3125 0.25 0.1875 0.4375 0.1875 1.0 1.0 1.0 1.0 1.0 0.9375 1.0 1.0 1.0 1.0 1.0 1.0 1.0 1.0 1.0 1.0 1.0 1.0 1.0 1.0 1.0 1.0 1.0 1.0 1.0 1.0 1.0 1.0 1.0 1.0 1.0 1.0 0.5 0.8125 0.0625 0.375 0.375 0.4375 0.5 0.375 1.0 1.0 1.0 1.0 1.0 1.0 1.0 1.0 0.8125 0.9375 0.9375 0.8125 0.9375 0.8125 0.9375 0.875 0.1875 0.625 0.375 0.375 0.1875 0.6875 0.625 0.5 0.75 0.75 0.8125 0.9375 0.4375 0.5 0.6875 0.8125 1.0 1.0 1.0 1.0 1.0 1.0 1.0 1.0 1.0 1.0 1.0 1.0 1.0 1.0 1.0 1.0 0.5625 0.6875 0.625 0.5625 0.75 0.875 0.5625 0.6875 1.0 1.0 1.0 1.0 1.0 1.0 1.0 1.0 1.0 1.0 1.0 1.0 1.0 1.0 1.0 1.0 0.9375 0.9375 0.9375 0.9375 0.9375 0.9375 0.9375 0.9375 1.0 1.0 1.0 1.0 1.0 1.0 1.0 1.0

Testing set success list:
1.0 1.0 1.0 1.0 1.0 1.0 1.0 1.0 1.0 0.9375 1.0 1.0 1.0 1.0 0.9375 1.0 1.0 1.0 1.0 1.0 1.0 1.0 1.0 1.0 1.0 1.0 1.0 1.0 1.0 1.0 1.0 1.0 1.0 1.0 1.0 1.0 1.0 1.0 1.0 1.0 1.0 1.0 1.0 1.0 1.0 1.0 1.0 1.0 1.0 1.0 1.0 1.0 1.0 1.0 1.0 1.0 0.9375 0.875 0.9375 0.9375 0.875 0.9375 0.9375 0.9375 0.4375 0.4375 0.5 0.3125 0.375 0.375 0.25 0.25 1.0 1.0 1.0 1.0 1.0 1.0 1.0 1.0 1.0 1.0 1.0 1.0 1.0 1.0 1.0 1.0 1.0 1.0 1.0 1.0 1.0 1.0 1.0 1.0 0.1875 0.1875 0.125 0.125 0.0625 0.125 0.1875 0.125 1.0 1.0 1.0 1.0 1.0 1.0 1.0 1.0 1.0 1.0 1.0 1.0 1.0 1.0 1.0 1.0 1.0 1.0 1.0 1.0 1.0 1.0 1.0 1.0

(0.8970170454545454, 0.033140072152634294) (0.90087890625, 0.061757802963256836) (0.9431818181818182, 0.01775568181818182) (0.8828125, 0.0068359375)