46236
47853
49133
49182
46955
45001
47281
45164
47207
40417
41083
46544
45690
48497
46847
45130
45915
46452
46180
47254
45950
41085
45850
45642
46437
45696
46417
48519
46537
45419
45841
48855
46741
45247
45687
45403
49132
46856
46944
47944
46117
46563
40147
46197
46655
45168
46002
48063
48517
46230
45783
45503
47185
45756
46456
48356
45235
47632
44853
41510
47021
47180
48258
46403
45243
45305
45162
45784
48010
46029
46906
48018
46334
40453
46889
45415
45262
45290
46179
47585
45212
47742
45612
45219
46874
46556
46732
45699
45671
45936
46490
47182
45662
47466
48700
47686
47648
45173
46839
47443
45573
38516
45249
45132
46616
46825
45636
46859
48167
46380
48623
45623
46896
47747
45189
45387
45177
45463
45638
47529
46466
46132
45964
46427
46480
46401
48479
45523
45822
46787
45710
45354
45984
45694
47183
45423
48513
46430
46037
45384
46019
47438
45780
48263
49140
45621
45594
45176
47315
45767
41004
47651
45092
47388
48876
46653
48490
47669
49038
45963
47601
48746
48177
47024
48381
45670
46014
45238
46107
47089
48686
46768
46277
45937
46966
47954
45606
45691
45374
47133
48169
45961
45779
47252
45203
45323
45505
46801
47514
45667
45271
45526
48797
44781
45747
48051
46641
45135
46060
46440
49062
45600
46893
47088
45949
48243
45267
48721
45397
45622
45444
47391
45524
47178
46092
48413
45134
46481
41086
47235
44817
46408
46045
45427
46033
45790
45146
47296
47976
45244
47316
45916
45717
47701
45178
48452
47099
46549
45853
45516
45372
45725
47187
45633
45922
47233
45689
35059
48271
46109
45007
45575
48491
48467
47419
48013
44826
46199
47168
47808
49188
47227
48379
46084
45749
45693
47278
45759
45332
45159
47578
46123
45297
46166
45746
46044
46172
45948
41529
44962
45940
46134
47577
47926
48036
47570
45677
48878
45448
45776
45378
45676
45385
46108
41003
46057
46744
48740
47290
45661
46443
47963
45855
47711
47565
45248
41452
46145
45091
46762
45413
46120
45087
46981
45910
45620
45166
45645
46699
45443
46462
45420
48023
47613
46922
47238
48253
45801
49025
46879
46127
48859
45261
47817
45908
47595
45504
45632
46598
46439
45194
49042
47729
46700
45213
46130
