Training set average reward:      0.15254803001880646
Testing set average reward:       0.08442067354917526
Training set average success:     0.8387784361839294
Testing set average success:      0.78466796875
Training set success list:
0.9375 1.0 0.875 0.9375 1.0 1.0 1.0 0.8125 0.25 0.1875 0.125 0.25 0.0 0.1875 0.0 0.125 1.0 1.0 1.0 0.9375 1.0 1.0 0.9375 0.9375 0.9375 0.875 0.875 0.875 0.875 0.9375 0.75 0.875 1.0 1.0 0.8125 0.9375 0.9375 1.0 0.9375 1.0 0.375 0.375 0.375 0.4375 0.1875 0.0625 0.375 0.25 0.875 1.0 0.875 0.875 0.9375 0.6875 0.875 0.9375 1.0 1.0 0.9375 1.0 1.0 0.9375 1.0 1.0 0.875 0.875 0.9375 0.8125 0.875 0.8125 0.75 0.9375 0.875 0.875 0.9375 0.875 0.8125 0.8125 0.9375 0.875 0.875 0.625 0.6875 0.625 0.625 0.5 0.5625 0.6875 0.75 0.9375 0.75 0.8125 0.5625 0.75 0.8125 0.75 0.9375 0.9375 0.9375 1.0 0.8125 0.75 0.8125 0.6875 1.0 0.875 1.0 1.0 1.0 1.0 1.0 1.0 0.875 0.9375 0.9375 0.9375 0.9375 0.9375 0.9375 0.8125 1.0 1.0 0.9375 1.0 1.0 1.0 0.9375 1.0 1.0 0.9375 1.0 1.0 0.9375 0.9375 0.875 1.0 1.0 0.875 0.9375 0.875 0.9375 0.9375 0.9375 0.9375 1.0 1.0 1.0 1.0 1.0 1.0 1.0 1.0 0.9375 1.0 1.0 1.0 1.0 1.0 1.0 1.0 0.9375 1.0 0.9375 0.9375 1.0 1.0 0.875 1.0 1.0 0.9375 1.0 1.0 1.0 0.9375 1.0 0.9375 0.8125 0.8125 0.75 0.875 0.75 0.9375 0.8125 0.6875 0.4375 0.5 0.25 0.1875 0.5 0.25 0.3125 0.375 0.875 0.8125 0.6875 0.875 0.875 0.8125 0.75 0.8125 1.0 1.0 1.0 1.0 1.0 1.0 1.0 1.0 1.0 1.0 0.9375 1.0 1.0 1.0 1.0 1.0 1.0 1.0 1.0 1.0 0.9375 0.9375 0.9375 0.875 0.875 0.9375 0.8125 0.9375 0.875 0.6875 0.625 0.75 0.875 0.9375 0.875 0.875 1.0 1.0 0.875 0.9375 0.375 0.5 0.375 0.375 0.375 0.375 0.4375 0.4375 0.9375 0.9375 1.0 1.0 1.0 1.0 1.0 1.0 0.5 0.625 0.6875 0.8125 0.75 0.625 0.625 0.5625 0.875 0.8125 0.8125 0.8125 0.75 0.9375 0.9375 0.8125 1.0 0.875 0.875 0.9375 0.9375 0.9375 0.875 1.0 1.0 0.9375 0.9375 0.875 0.9375 0.9375 1.0 1.0 0.9375 1.0 0.9375 0.8125 0.9375 0.6875 0.9375 0.75 0.625 0.5 0.5625 0.5 0.5 0.6875 0.5 0.4375 1.0 1.0 0.9375 1.0 1.0 0.9375 1.0 1.0 1.0 1.0 1.0 0.9375 0.9375 1.0 1.0 0.875 0.625 0.9375 0.5625 0.875 0.6875 0.75 0.75 0.75 0.9375 0.875 1.0 1.0 1.0 0.9375 1.0 1.0 0.9375 1.0 0.9375 0.9375 0.875 0.9375 0.9375 0.9375 0.5 0.8125 0.6875 0.4375 0.625 0.8125 0.875 0.8125

Testing set success list:
1.0 1.0 1.0 0.9375 0.9375 1.0 1.0 0.9375 1.0 0.875 0.9375 0.875 1.0 0.9375 1.0 0.9375 1.0 0.9375 1.0 1.0 1.0 1.0 1.0 1.0 0.375 0.6875 0.4375 0.75 0.5 0.4375 0.5625 0.5625 0.625 0.8125 0.75 0.875 0.75 0.875 0.625 0.8125 0.8125 0.6875 0.8125 0.625 0.6875 0.6875 0.5625 0.6875 0.8125 0.625 0.8125 0.5625 0.6875 0.6875 0.625 0.75 1.0 1.0 0.875 0.875 1.0 0.875 0.875 0.875 1.0 0.75 1.0 0.8125 0.8125 0.875 0.875 0.75 0.625 0.5 0.375 0.5 0.5625 0.625 0.8125 0.5 0.9375 1.0 1.0 1.0 0.9375 1.0 1.0 0.9375 0.875 0.875 0.9375 0.8125 0.9375 0.875 0.875 0.75 0.8125 0.75 0.875 0.75 0.75 0.8125 0.8125 0.75 0.1875 0.25 0.375 0.4375 0.0625 0.25 0.3125 0.1875 0.75 0.8125 0.8125 0.75 0.9375 0.875 0.875 0.75 0.875 0.875 0.8125 0.8125 0.9375 0.9375 0.9375 0.9375

(0.8387784090909091, 0.04095206772985537) (0.78466796875, 0.0368649959564209) (0.9119318181818182, 0.01171875) (0.90625, 0.021484375)