0.0269, 0.0210, 0.1048, 0.0090, 0.1168, 0.0329, 0.0808, 0.1766, 0.0719,
        0.0749, 0.0269, 0.0240, 0.0868, 0.0299, 0.0419, 0.2096, 0.1377, 0.0299,
        0.1407, 0.0389, 0.0958, 0.1497, 0.0240, 0.0389, 0.0240, 0.0958, 0.0329,
        0.0479, 0.0988, 0.0778, 0.0150, 0.1707, 0.0240, 0.1557, 0.1018, 0.1557,
        0.1796, 0.0180, 0.0359, 0.1228, 0.0539, 0.0210, 0.0449, 0.0359, 0.0868,
        0.1317, 0.0569, 0.0240, 0.0988, 0.0419, 0.1557, 0.1228, 0.1407, 0.1617,
        0.0689, 0.0569, 0.1287, 0.0329, 0.0479, 0.0719

0.0240, 0.0210, 0.0749, 0.0120, 0.1347, 0.0359, 0.0958, 0.1407, 0.0808,
        0.0868, 0.0419, 0.0509, 0.1228, 0.0479, 0.0329, 0.2455, 0.1557, 0.0808,
        0.1677, 0.0509, 0.0749, 0.1257, 0.0329, 0.0389, 0.0299, 0.1317, 0.0359,
        0.0269, 0.0898, 0.0928, 0.0269, 0.1527, 0.0599, 0.1377, 0.0838, 0.1826,
        0.1467, 0.0120, 0.0269, 0.1587, 0.0629, 0.0150, 0.0539, 0.0030, 0.0689,
        0.1257, 0.0599, 0.0359, 0.0868, 0.0269, 0.1617, 0.1527, 0.1168, 0.1856,
        0.0928, 0.0719, 0.1677, 0.0180, 0.0419, 0.0509

0.0240, 0.0030, 0.0749, 0.0120, 0.1257, 0.0240, 0.1198, 0.1527, 0.0928,
        0.1138, 0.0389, 0.0299, 0.0958, 0.0329, 0.0269, 0.2575, 0.1677, 0.0180,
        0.1257, 0.0539, 0.0778, 0.1407, 0.0419, 0.0240, 0.0389, 0.1527, 0.0240,
        0.0299, 0.0689, 0.0778, 0.0210, 0.1557, 0.0479, 0.1317, 0.0749, 0.1647,
        0.1856, 0.0210, 0.0329, 0.1737, 0.0569, 0.0210, 0.0808, 0.0299, 0.0838,
        0.1138, 0.0539, 0.0329, 0.0629, 0.0419, 0.1617, 0.1677, 0.1048, 0.1886,
        0.0958, 0.0659, 0.1497, 0.0269, 0.0419, 0.0509

0.0269 0.024 0.024 0.021 0.021 0.003 0.1048 0.0749 0.0749 0.009 0.012 0.012 0.1168 0.1347 0.1257 0.0329 0.0359 0.024 0.0808 0.0958 0.1198 0.1766 0.1407 0.1527 0.0719 0.0808 0.0928 0.0749 0.0868 0.1138 0.0269 0.0419 0.0389 0.024 0.0509 0.0299 0.0868 0.1228 0.0958 0.0299 0.0479 0.0329 0.0419 0.0329 0.0269 0.2096 0.2455 0.2575 0.1377 0.1557 0.1677 0.0299 0.0808 0.018 0.1407 0.1677 0.1257 0.0389 0.0509 0.0539 0.0958 0.0749 0.0778 0.1497 0.1257 0.1407 0.024 0.0329 0.0419 0.0389 0.0389 0.024 0.024 0.0299 0.0389 0.0958 0.1317 0.1527 0.0329 0.0359 0.024 0.0479 0.0269 0.0299 0.0988 0.0898 0.0689 0.0778 0.0928 0.0778 0.015 0.0269 0.021 0.1707 0.1527 0.1557 0.024 0.0599 0.0479 0.1557 0.1377 0.1317 0.1018 0.0838 0.0749 0.1557 0.1826 0.1647 0.1796 0.1467 0.1856 0.018 0.012 0.021 0.0359 0.0269 0.0329 0.1228 0.1587 0.1737 0.0539 0.0629 0.0569 0.021 0.015 0.021 0.0449 0.0539 0.0808 0.0359 0.003 0.0299 0.0868 0.0689 0.0838 0.1317 0.1257 0.1138 0.0569 0.0599 0.0539 0.024 0.0359 0.0329 0.0988 0.0868 0.0629 0.0419 0.0269 0.0419 0.1557 0.1617 0.1617 0.1228 0.1527 0.1677 0.1407 0.1168 0.1048 0.1617 0.1856 0.1886 0.0689 0.0928 0.0958 0.0569 0.0719 0.0659 0.1287 0.1677 0.1497 0.0329 0.018 0.0269 0.0479 0.0419 0.0419 0.0719 0.0509 0.0509

(0.07782045454545454, 0.003068982536157025) (0.09032083333333334, 0.002315125399305556) (0.0, 0.0) (0.0, 0.0)