Training set average reward:      0.0896022766828537
Testing set average reward:       0.04033840075135231
Training set average success:     0.9588068723678589
Testing set average success:      0.96337890625
Training set success list:
1.0 1.0 1.0 1.0 1.0 1.0 1.0 1.0 0.875 0.8125 0.875 0.875 0.9375 0.875 0.9375 1.0 1.0 1.0 1.0 1.0 0.9375 1.0 1.0 1.0 1.0 1.0 1.0 1.0 1.0 1.0 1.0 1.0 1.0 0.9375 1.0 0.9375 1.0 1.0 1.0 1.0 0.875 0.9375 0.9375 0.9375 0.9375 0.9375 0.9375 0.875 1.0 1.0 1.0 1.0 1.0 1.0 1.0 1.0 1.0 0.9375 0.9375 1.0 0.875 1.0 0.9375 0.9375 1.0 1.0 1.0 1.0 1.0 1.0 1.0 1.0 1.0 1.0 1.0 1.0 1.0 1.0 1.0 1.0 1.0 0.9375 1.0 1.0 0.9375 0.9375 0.9375 0.9375 1.0 0.9375 0.9375 1.0 1.0 1.0 0.9375 1.0 1.0 1.0 1.0 1.0 1.0 1.0 1.0 0.9375 1.0 1.0 1.0 1.0 1.0 1.0 1.0 1.0 1.0 1.0 1.0 1.0 1.0 1.0 1.0 1.0 1.0 1.0 1.0 1.0 1.0 1.0 1.0 1.0 0.9375 0.9375 0.9375 0.9375 0.8125 0.9375 0.875 0.875 0.875 0.9375 0.875 0.9375 0.9375 0.9375 0.9375 0.9375 0.8125 0.8125 0.875 0.8125 0.9375 1.0 0.8125 0.875 1.0 1.0 1.0 1.0 1.0 1.0 0.9375 1.0 1.0 0.9375 1.0 1.0 1.0 0.875 0.9375 0.875 0.6875 0.75 0.8125 0.75 0.875 0.8125 0.8125 0.8125 1.0 1.0 1.0 1.0 1.0 1.0 1.0 1.0 1.0 0.9375 1.0 0.9375 1.0 0.9375 0.9375 0.8125 0.625 0.75 0.6875 0.5625 0.6875 0.6875 0.5625 0.5625 1.0 1.0 1.0 1.0 1.0 1.0 1.0 1.0 1.0 1.0 1.0 1.0 1.0 1.0 1.0 1.0 1.0 0.9375 1.0 1.0 1.0 1.0 1.0 1.0 0.9375 0.9375 0.875 0.9375 0.9375 0.9375 0.9375 0.9375 1.0 1.0 1.0 1.0 1.0 0.9375 0.9375 0.9375 1.0 0.875 1.0 1.0 1.0 0.75 0.9375 0.9375 0.875 0.875 0.875 0.9375 0.875 0.9375 1.0 0.875 1.0 1.0 1.0 1.0 1.0 1.0 1.0 1.0 1.0 1.0 1.0 1.0 1.0 1.0 1.0 1.0 1.0 1.0 1.0 1.0 1.0 1.0 0.9375 0.9375 0.9375 0.9375 1.0 0.9375 0.875 0.9375 0.9375 1.0 0.9375 1.0 0.9375 0.9375 0.8125 0.9375 0.9375 1.0 1.0 1.0 1.0 1.0 1.0 0.875 0.9375 1.0 1.0 1.0 1.0 1.0 1.0 1.0 1.0 1.0 1.0 1.0 1.0 1.0 0.9375 1.0 1.0 1.0 1.0 1.0 1.0 1.0 1.0 1.0 0.9375 1.0 1.0 1.0 1.0 1.0 1.0 1.0 1.0 0.9375 1.0 1.0 1.0 1.0 1.0 1.0 1.0 1.0 1.0 0.9375 1.0 0.9375 0.8125 0.875 0.9375 0.9375

Testing set success list:
1.0 0.9375 0.875 0.9375 0.9375 1.0 1.0 0.9375 1.0 1.0 0.9375 1.0 1.0 1.0 1.0 1.0 0.8125 0.875 0.875 0.875 0.875 0.9375 0.8125 1.0 0.875 1.0 0.9375 1.0 0.9375 0.9375 1.0 0.9375 1.0 1.0 1.0 1.0 1.0 1.0 1.0 1.0 0.9375 0.875 0.875 0.9375 0.9375 0.9375 0.9375 0.9375 0.8125 0.8125 0.8125 0.5625 0.75 0.875 1.0 0.9375 0.9375 0.9375 0.9375 0.9375 0.9375 0.9375 0.9375 0.9375 1.0 1.0 1.0 1.0 1.0 1.0 1.0 1.0 1.0 1.0 1.0 1.0 0.9375 1.0 0.9375 1.0 1.0 1.0 1.0 1.0 1.0 1.0 1.0 1.0 1.0 1.0 1.0 1.0 1.0 1.0 1.0 1.0 1.0 1.0 1.0 1.0 1.0 0.9375 1.0 1.0 0.9375 1.0 1.0 1.0 1.0 1.0 1.0 1.0 1.0 1.0 1.0 1.0 1.0 1.0 1.0 1.0 1.0 0.9375 1.0 0.9375 1.0 1.0 1.0 1.0

(0.9588068181818182, 0.0042928900600464875) (0.96337890625, 0.002477407455444336) (1.0, 0.0) (1.0, 0.0)