Training set average reward:      0.06547655165195465
Testing set average reward:       0.026782017201185226
Training set average success:     0.6392045617103577
Testing set average success:      0.552734375
Training set success list:
0.5625 0.375 0.3125 0.4375 0.5625 0.5625 0.4375 0.4375 0.375 0.0625 0.125 0.25 0.0625 0.0 0.125 0.1875 0.9375 1.0 0.9375 1.0 1.0 1.0 0.875 0.9375 0.0 0.0 0.0 0.0 0.0625 0.0625 0.0 0.0625 1.0 0.9375 0.875 0.875 0.8125 0.9375 0.8125 0.875 0.625 0.4375 0.6875 0.625 0.75 0.5625 0.375 0.5625 0.5625 0.5 0.6875 0.625 0.6875 0.75 0.625 0.75 0.875 0.6875 0.9375 0.75 0.6875 0.6875 0.75 0.8125 1.0 1.0 0.9375 0.75 1.0 0.9375 0.9375 0.8125 0.875 0.8125 0.8125 0.9375 0.9375 0.9375 0.9375 0.9375 0.625 0.4375 0.375 0.3125 0.375 0.3125 0.1875 0.25 0.1875 0.5 0.3125 0.375 0.375 0.5 0.3125 0.4375 0.625 0.75 0.4375 0.6875 0.625 0.6875 0.8125 0.5625 0.9375 0.875 0.9375 0.9375 1.0 0.75 0.8125 0.875 0.25 0.375 0.3125 0.3125 0.4375 0.375 0.4375 0.4375 0.75 0.75 0.6875 0.75 0.8125 0.75 0.9375 0.875 0.9375 0.875 0.875 0.875 0.9375 0.875 0.9375 0.9375 0.4375 0.4375 0.3125 0.375 0.4375 0.375 0.25 0.375 0.9375 1.0 0.875 0.9375 0.8125 0.9375 0.75 1.0 0.5 0.6875 0.5625 0.75 0.75 0.5625 0.4375 0.625 0.6875 0.75 0.875 0.75 0.8125 0.625 0.875 0.75 0.8125 0.9375 0.9375 0.75 0.9375 0.9375 0.8125 0.9375 0.3125 0.4375 0.375 0.6875 0.4375 0.5625 0.4375 0.25 0.0 0.125 0.125 0.125 0.125 0.125 0.1875 0.3125 0.4375 0.3125 0.5625 0.3125 0.4375 0.3125 0.125 0.25 1.0 0.9375 0.9375 0.9375 0.9375 1.0 0.9375 0.875 0.125 0.1875 0.25 0.125 0.1875 0.0625 0.125 0.1875 0.75 0.8125 0.9375 0.8125 0.9375 0.6875 0.875 0.9375 0.9375 0.9375 0.9375 0.9375 0.9375 0.9375 0.9375 0.9375 0.5625 0.6875 0.5 0.625 0.625 0.4375 0.75 0.5625 0.4375 0.6875 0.4375 0.4375 0.3125 0.375 0.375 0.1875 0.75 0.875 0.8125 0.9375 1.0 0.875 0.75 0.9375 0.375 0.8125 0.375 0.4375 0.375 0.5625 0.6875 0.25 0.9375 0.9375 0.75 0.875 0.8125 0.9375 1.0 0.9375 0.875 0.875 0.875 0.875 1.0 1.0 0.9375 0.875 0.5625 0.375 0.5 0.6875 0.4375 0.5625 0.4375 0.375 0.875 0.875 0.75 0.875 0.9375 0.8125 0.875 0.9375 0.1875 0.25 0.125 0.0625 0.0 0.0 0.0625 0.0625 0.9375 0.9375 0.875 0.9375 0.875 0.8125 0.9375 1.0 0.9375 0.875 0.8125 0.875 0.9375 1.0 1.0 0.875 0.25 0.0625 0.3125 0.375 0.4375 0.375 0.375 0.625 0.5 0.75 0.6875 0.625 0.75 0.8125 0.75 0.6875 0.875 1.0 1.0 1.0 0.875 0.9375 0.875 0.875 0.875 0.5625 0.6875 0.6875 0.6875 0.8125 0.875 0.5625

Testing set success list:
0.8125 0.9375 0.8125 0.875 0.9375 0.875 0.875 0.9375 0.875 0.875 0.875 0.875 0.9375 0.875 0.9375 0.9375 0.8125 0.875 0.8125 0.8125 0.9375 0.8125 0.875 0.875 0.0625 0.0 0.0625 0.0625 0.0625 0.0 0.0 0.125 0.9375 0.8125 0.6875 0.875 0.9375 0.9375 0.875 0.8125 0.25 0.25 0.3125 0.5 0.125 0.375 0.4375 0.4375 0.8125 0.9375 0.75 0.8125 0.75 0.9375 0.875 0.875 0.9375 0.8125 0.875 0.875 0.9375 0.875 0.9375 0.8125 0.6875 0.75 0.6875 0.6875 0.625 0.5625 0.6875 0.5625 0.1875 0.25 0.1875 0.1875 0.25 0.25 0.25 0.125 0.5 0.875 0.5625 0.6875 0.75 0.8125 0.625 0.625 0.9375 0.6875 0.875 0.875 0.6875 0.875 0.875 0.8125 0.5 0.3125 0.5 0.5 0.4375 0.375 0.375 0.5625 0.1875 0.1875 0.0 0.0625 0.1875 0.0625 0.1875 0.0625 0.375 0.1875 0.1875 0.1875 0.125 0.3125 0.25 0.125 0.0625 0.0 0.125 0.125 0.0625 0.0 0.125 0.1875

(0.6392045454545454, 0.07709370762848657) (0.552734375, 0.10365676879882812) (0.6732954545454546, 0.04651988636363636) (0.6015625, 0.0224609375)