Training set average reward:      0.05895743519067764
Testing set average reward:       0.04454648494720459
Training set average success:     0.37162643671035767
Testing set average success:      0.36083984375
Training set success list:
0.0 0.0 0.0625 0.0625 0.0625 0.0625 0.0 0.0625 0.1875 0.1875 0.1875 0.0 0.0625 0.125 0.125 0.125 0.8125 0.6875 1.0 0.75 1.0 0.875 1.0 0.875 0.125 0.0625 0.0 0.125 0.125 0.0625 0.125 0.0625 0.1875 0.25 0.1875 0.3125 0.25 0.4375 0.25 0.375 0.0625 0.1875 0.0625 0.0625 0.125 0.0625 0.1875 0.125 0.125 0.0625 0.1875 0.125 0.125 0.125 0.25 0.0 0.0625 0.3125 0.1875 0.0625 0.125 0.375 0.25 0.125 0.8125 0.75 0.75 0.875 0.625 0.8125 0.9375 0.8125 0.625 0.625 0.875 0.8125 0.8125 0.875 0.6875 0.875 0.25 0.125 0.0625 0.0 0.0625 0.1875 0.0625 0.0625 0.0 0.0 0.0 0.0625 0.0 0.0625 0.0625 0.0 0.25 0.0625 0.1875 0.25 0.0 0.3125 0.0625 0.25 0.8125 0.8125 0.6875 0.875 0.6875 0.6875 0.75 0.75 0.1875 0.0625 0.125 0.0625 0.125 0.0625 0.0625 0.1875 0.625 0.5625 0.625 0.6875 0.75 0.75 0.5625 0.6875 0.8125 0.8125 0.625 0.8125 0.8125 0.75 0.875 0.75 0.0 0.0 0.0625 0.0625 0.0625 0.0625 0.125 0.0 1.0 1.0 0.9375 0.75 0.75 0.8125 0.9375 0.875 0.1875 0.0625 0.0625 0.125 0.125 0.0625 0.0625 0.125 0.3125 0.625 0.375 0.4375 0.5625 0.75 0.625 0.375 0.875 0.8125 0.9375 0.9375 1.0 0.875 1.0 0.8125 0.0 0.0625 0.0 0.0625 0.0 0.0 0.0 0.125 0.0 0.0 0.0 0.0 0.0 0.0 0.0 0.0 0.125 0.1875 0.0625 0.125 0.0625 0.1875 0.125 0.0625 0.1875 0.0625 0.125 0.3125 0.125 0.375 0.3125 0.375 0.0625 0.125 0.0625 0.0625 0.125 0.0625 0.0625 0.0625 0.625 0.6875 0.625 0.625 0.5625 0.625 0.8125 0.5 0.3125 0.125 0.1875 0.25 0.3125 0.25 0.3125 0.25 0.1875 0.25 0.3125 0.375 0.375 0.25 0.5 0.25 0.0 0.0625 0.125 0.0 0.0 0.0 0.0 0.0 0.8125 0.6875 0.875 0.9375 0.9375 0.8125 0.9375 0.875 0.125 0.25 0.3125 0.3125 0.1875 0.3125 0.1875 0.1875 0.8125 0.6875 0.8125 0.75 0.6875 0.6875 0.8125 0.8125 0.125 0.375 0.625 0.0625 0.5 0.1875 0.3125 0.5625 0.4375 0.5625 0.4375 0.5625 0.5 0.4375 0.5625 0.5625 0.5 0.5 0.5 0.5 0.5 0.375 0.5 0.5625 0.0 0.0 0.0 0.0 0.0625 0.0 0.0 0.0625 0.625 0.75 0.625 0.875 0.8125 0.75 0.8125 0.625 0.9375 0.9375 1.0 0.9375 1.0 0.875 1.0 1.0 0.0625 0.125 0.0625 0.1875 0.125 0.125 0.125 0.125 0.125 0.375 0.4375 0.375 0.4375 0.375 0.375 0.1875 0.75 0.5625 0.9375 0.75 0.625 0.8125 0.5625 0.875 0.1875 0.125 0.0625 0.0625 0.1875 0.1875 0.1875 0.0625

Testing set success list:
0.25 0.0 0.4375 0.3125 0.3125 0.3125 0.1875 0.375 0.625 0.5625 0.4375 0.6875 0.125 0.5 0.625 0.3125 0.875 0.9375 0.75 0.8125 0.875 0.9375 0.9375 0.9375 0.0 0.0 0.0 0.0 0.0 0.0 0.0 0.0 0.625 0.6875 0.75 0.625 0.625 0.8125 0.8125 0.9375 0.125 0.125 0.0625 0.0625 0.375 0.0625 0.1875 0.125 0.375 0.1875 0.25 0.125 0.125 0.1875 0.375 0.1875 0.9375 0.8125 0.8125 0.8125 0.6875 0.8125 0.8125 0.75 1.0 0.625 0.5 0.6875 0.75 0.8125 0.75 0.625 0.375 0.375 0.25 0.5625 0.375 0.625 0.625 0.5 0.25 0.0625 0.1875 0.125 0.125 0.125 0.1875 0.1875 0.1875 0.1875 0.25 0.0625 0.125 0.1875 0.125 0.125 0.3125 0.625 0.75 0.75 0.625 0.625 0.5625 0.625 0.125 0.0 0.0 0.0625 0.0 0.0625 0.0625 0.0 0.0 0.125 0.0625 0.0625 0.0625 0.0 0.0625 0.0 0.0625 0.0 0.125 0.0 0.0 0.0625 0.0625 0.0

(0.37162642045454547, 0.09992397718193119) (0.36083984375, 0.08861708641052246) (0.36363636363636365, 0.02130681818181818) (0.3125, 0.037109375)