Training set average reward:      0.06645077466964722
Testing set average reward:       0.07904671877622604
Training set average success:     0.5353338122367859
Testing set average success:      0.55859375
Training set success list:
0.0 0.0 0.0 0.0 0.0 0.0 0.0 0.0 0.3125 0.0625 0.125 0.125 0.3125 0.0625 0.0625 0.1875 0.4375 0.4375 0.375 0.5 0.3125 0.375 0.375 0.1875 0.0 0.0 0.0 0.0 0.0 0.0 0.0 0.0 1.0 1.0 1.0 1.0 1.0 1.0 1.0 1.0 0.1875 0.125 0.125 0.0625 0.0 0.0625 0.0625 0.125 0.625 0.8125 0.625 0.5625 0.5625 0.5625 0.6875 0.8125 1.0 1.0 1.0 1.0 1.0 1.0 1.0 1.0 0.625 0.6875 0.3125 0.3125 0.1875 0.5625 0.5625 0.4375 0.8125 0.6875 0.5625 0.6875 0.6875 0.6875 0.75 0.5625 0.0625 0.1875 0.125 0.1875 0.1875 0.1875 0.1875 0.25 0.0 0.0 0.0 0.0625 0.0625 0.0625 0.0 0.125 0.8125 0.8125 0.75 0.8125 0.8125 0.875 0.875 0.875 1.0 1.0 1.0 1.0 1.0 1.0 1.0 1.0 0.125 0.1875 0.125 0.1875 0.125 0.1875 0.0625 0.3125 1.0 1.0 1.0 1.0 0.9375 1.0 1.0 1.0 1.0 1.0 1.0 1.0 1.0 1.0 1.0 1.0 0.5 0.75 0.625 0.5625 0.75 0.6875 0.625 0.625 0.9375 0.9375 0.875 0.8125 0.9375 0.9375 0.9375 0.75 1.0 0.9375 0.875 0.9375 0.9375 1.0 0.9375 0.9375 0.625 0.625 0.6875 0.6875 0.6875 0.5625 0.5625 0.8125 0.75 0.9375 0.875 1.0 0.8125 0.9375 1.0 0.9375 0.0 0.0625 0.0625 0.0625 0.0 0.0625 0.0625 0.0625 0.0 0.0 0.0 0.0 0.0 0.0 0.0 0.0 0.25 0.25 0.1875 0.25 0.125 0.125 0.0625 0.125 1.0 1.0 1.0 1.0 1.0 1.0 1.0 1.0 0.0625 0.0625 0.0 0.0 0.0 0.0625 0.0 0.0 0.4375 0.6875 0.6875 0.625 0.4375 0.5 0.4375 0.5 0.625 0.875 0.6875 0.9375 0.6875 0.5 0.6875 0.75 0.0 0.0 0.0 0.0 0.0 0.0 0.0 0.0 0.0 0.0 0.0 0.0625 0.0 0.0 0.0 0.0 0.875 0.875 0.875 0.9375 0.9375 0.9375 0.9375 0.9375 0.0625 0.0625 0.0 0.0 0.0 0.0625 0.0 0.0625 0.5 0.5 0.3125 0.25 0.3125 0.4375 0.3125 0.375 1.0 1.0 1.0 0.9375 0.9375 1.0 0.9375 0.9375 1.0 1.0 1.0 1.0 1.0 1.0 1.0 1.0 0.6875 0.875 0.8125 0.6875 0.4375 0.625 0.9375 0.5625 0.0 0.0 0.0 0.0 0.0 0.0 0.0 0.0 0.875 0.75 0.6875 0.75 0.75 0.6875 0.5625 0.5 0.9375 0.9375 0.875 0.875 0.875 0.8125 0.875 0.9375 0.9375 0.6875 0.875 0.9375 0.875 0.875 0.875 0.8125 0.875 0.9375 0.9375 1.0 0.9375 0.9375 0.875 0.9375 0.9375 1.0 0.9375 1.0 0.9375 0.9375 0.9375 0.9375 0.1875 0.125 0.0 0.0 0.125 0.0 0.125 0.0

Testing set success list:
0.0 0.125 0.0 0.125 0.1875 0.0625 0.0 0.0625 1.0 1.0 1.0 1.0 1.0 1.0 1.0 1.0 0.25 0.5 0.375 0.5 0.5625 0.5 0.625 0.375 0.0 0.0 0.0 0.0 0.0 0.0 0.0 0.0 1.0 0.875 0.8125 0.9375 0.875 0.75 0.9375 0.9375 0.6875 0.5 0.75 0.6875 0.625 0.5625 0.6875 0.625 1.0 0.9375 0.9375 0.9375 0.9375 0.9375 1.0 0.9375 1.0 1.0 1.0 1.0 1.0 1.0 1.0 1.0 1.0 1.0 1.0 1.0 1.0 1.0 1.0 1.0 0.625 0.5625 0.375 0.5 0.1875 0.4375 0.125 0.3125 1.0 1.0 1.0 1.0 1.0 1.0 1.0 1.0 0.5 0.3125 0.5 0.375 0.5625 0.3125 0.4375 0.5 1.0 1.0 1.0 1.0 1.0 1.0 1.0 1.0 0.0625 0.0625 0.0625 0.0625 0.0 0.0625 0.0625 0.0625 0.0625 0.0625 0.0 0.0 0.0 0.0625 0.0625 0.0625 0.0 0.0 0.0 0.0 0.0 0.0 0.0 0.0

(0.5353338068181818, 0.1542982306362184) (0.55859375, 0.1678466796875) (0.5767045454545454, 0.020241477272727272) (0.59375, 0.044921875)